15 0.131771 0.155556 0.008333 0.012963
15 0.144010 0.160185 0.007812 0.011111
16 0.165104 0.156944 0.007292 0.010185
16 0.176042 0.152315 0.006250 0.010185
16 0.172396 0.167130 0.009375 0.012037
16 0.181771 0.157407 0.009375 0.009259
16 0.197396 0.175463 0.009375 0.012037
17 0.192448 0.194907 0.014063 0.017593
17 0.219531 0.230093 0.020313 0.026852
15 0.142448 0.298611 0.024479 0.037963
18 0.180729 0.258333 0.034375 0.061111
19 0.206250 0.358796 0.033333 0.058333
19 0.161458 0.465741 0.045833 0.079630
20 0.307552 0.336111 0.072396 0.129630
16 0.436979 0.448611 0.055208 0.069444
16 0.463802 0.587500 0.084896 0.089815
