20 0 1024 992 9 10 11 7 6 5 2 12 8 13 3 4 1
40 0 1024 992 9 10 11 5 7 8 2 6 12 13 4
60 0 1024 992 9 10 8 11 7 6 13 5 2 12 4 3
80 0 1024 992 9 10 5 11 7 2 12 6 13 4 8
100 0 1024 992 9 10 8 7 11 13 12 6 5 2 4 3
120 0 1024 992 9 10 11 5 8 7 2 12 6 13 4
140 0 1024 992 9 10 11 7 12 6 5 8 2 13 4 3 1
160 0 1024 992 9 10 11 8 7 5 12 6 13 2 4
180 0 1024 992 10 9 11 7 8 13 6 5 2 12 3 4
200 0 1024 992 10 9 11 5 7 8 12 6 2 4 13
220 0 1024 992 10 11 8 9 7 13 6 12 5 4 3 2
240 0 1024 992 10 14 11 7 9 12 5 13 8 6 4 2
260 0 1024 992 10 8 14 11 7 13 6 12 5
280 0 1024 992 10 11 14 13 8 7 6
300 0 1024 992 10 11 14 8 7 13 6
320 0 1024 992 11 14 8 13 7
20 20 1024 992 10 9 11 6 4 13 2 7 5 8 12 3
40 20 1024 992 9 10 8 11 6 7 2 5 12 4 13
60 20 1024 992 9 10 11 6 4 13 2 8 12 7 5 3
80 20 1024 992 10 9 6 11 5 2 7 8 4 12 13
100 20 1024 992 9 10 11 6 4 8 12 2 13 5 7
120 20 1024 992 9 10 11 6 7 13 2 12 5 8 4
140 20 1024 992 9 10 11 6 4 12 8 5 13 2 7 3
160 20 1024 992 9 10 11 8 6 7 2 12 13 4 5
180 20 1024 992 10 11 9 6 13 7 8 4 2 5 3 12
200 20 1024 992 10 9 11 8 7 6 2 5 4 12 13
220 20 1024 992 10 11 9 13 6 8 4 7 12 2 5 3
240 20 1024 992 10 11 14 7 8 13 6 12 9 5 2 4
260 20 1024 992 10 11 8 14 7 6 13 4 12 5
280 20 1024 992 11 10 14 7 13 6 8
300 20 1024 992 11 10 8 13 14 6 7
320 20 1024 992 11 13 8 10 14 7
20 40 1024 992 9 10 11 6 5 13 7 2 8 12 4
40 40 1024 992 10 9 8 5 11 7 6 2 13 12 4
60 40 1024 992 9 10 11 8 2 5 6 13 7 4 12
80 40 1024 992 10 9 5 6 2 11 7 13 8 12
100 40 1024 992 9 10 11 6 8 13 5 12 7 2 4
120 40 1024 992 9 10 11 5 7 8 13 2 6 12
140 40 1024 992 9 10 11 6 5 2 8 12 13 7 4
160 40 1024 992 10 9 5 11 8 2 6 7 13 12
180 40 1024 992 10 9 11 6 5 13 7 2 12 8 4
200 40 1024 992 10 9 11 8 5 6 7 2 13 12 4
220 40 1024 992 10 9 11 8 6 13 5 7 2 12 4
240 40 1024 992 10 14 11 9 7 5 6 13 8 12 2
260 40 1024 992 10 11 14 8 6 13 7 5 12
280 40 1024 992 14 10 11 7 13 8 6 5
300 40 1024 992 14 10 11 8 6 13 7
320 40 1024 992 11 8 14 10 13
20 60 1024 992 10 9 7 6 11 13 3 12 5 8 1 2 4
40 60 1024 992 10 9 7 8 11 6 12 2 13 4 5 1
60 60 1024 992 10 9 11 6 7 13 8 3 4 12 2 5 1
80 60 1024 992 10 9 7 6 11 12 13 2 8 5 4 1
100 60 1024 992 9 10 6 11 7 8 12 13 4 3 2 1 5
120 60 1024 992 10 9 11 7 6 13 12 2 4 5 8 1
140 60 1024 992 9 10 11 6 7 13 8 12 3 5 4 1 2
160 60 1024 992 9 10 7 6 11 13 4 12 2 8 5 1
180 60 1024 992 10 9 11 7 6 13 8 3 5 4 2 1
200 60 1024 992 10 11 9 7 8 6 13 12 2 4 5 1
220 60 1024 992 10 11 7 13 6 9 8 3 4 12
240 60 1024 992 10 14 11 7 8 13 6 12 9 4 5
260 60 1024 992 10 11 14 7 8 13 6 4
280 60 1024 992 10 11 14 15 13 7 8 6
300 60 1024 992 10 11 14 8 13 7 15 6
320 60 1024 992 15 11 13 14 8 10 7
340 60 1024 992 11 15 13 14 8
20 80 1024 992 9 10 11 6 13 7 12 2 8 4
40 80 1024 992 9 10 11 6 5 12 8 7 2 13 4
60 80 1024 992 10 9 11 8 13 5 6 2 12 7 4
80 80 1024 992 10 9 11 6 5 7 13 2 12 8 4
100 80 1024 992 9 10 11 12 8 6 13 5 7 2 4
120 80 1024 992 9 10 11 13 12 6 2 7 8 4 0
140 80 1024 992 9 11 10 6 13 5 12 8 7 2 4
160 80 1024 992 9 10 11 6 8 12 2 7 5 13 4 0
180 80 1024 992 10 11 9 13 5 6 7 2 8 4 12
200 80 1024 992 10 11 9 6 7 5 8 13 2 12 4
220 80 1024 992 10 11 9 8 13 7 5 6 12 2 4
240 80 1024 992 10 11 14 7 13 6 8 9 12 5 2 4
260 80 1024 992 11 10 14 8 7 6 13 15 12 4 5
280 80 1024 992 11 10 14 15 13 7 6 8
300 80 1024 992 11 10 14 15 8 13 7 6
320 80 1024 992 11 15 8 13 14 10
340 80 1024 992 11 15 13 14 8
20 100 1024 992 9 10 11 6 2 13 7 3 8 12 4 1 5
40 100 1024 992 9 10 7 11 8 6 2 13 12 3 1 4 5
60 100 1024 992 9 10 11 8 13 7 6 2 3 12 4 5
80 100 1024 992 9 10 7 11 6 13 8 2 12 5
100 100 1024 992 9 10 8 11 6 13 7 2 12 3 4 5 1
120 100 1024 992 9 10 11 7 8 13 6 2 12 5 0 4 1
140 100 1024 992 9 10 11 7 6 8 12 2 3 13 1 4 5
160 100 1024 992 9 10 7 11 8 13 6 2 12 3 0 4
180 100 1024 992 10 9 11 8 13 6 7 2 3 12 1 5 4
200 100 1024 992 10 9 7 11 8 6 2 12 13 3
220 100 1024 992 10 11 8 9 13 7 6 3 2 12 5
240 100 1024 992 10 14 11 7 8 13 12 9 6 3
260 100 1024 992 10 14 8 11 15 7 13 6 12
280 100 1024 992 10 11 14 15 7 13 8 6
300 100 1024 992 10 11 8 15 14 7 13
320 100 1024 992 11 15 13 8 14 10
340 100 1024 992 11 14 13 15 8
20 120 1024 992 10 9 11 8 7 13 12 6 5 4
40 120 1024 992 10 8 9 7 12 11 13 6 2 5 4
60 120 1024 992 10 9 8 11 13 7 12 6 4 5 2
80 120 1024 992 10 9 8 7 13 11 12 6 2 4 5
100 120 1024 992 10 9 8 11 7 12 13 6 4 5 2
120 120 1024 992 9 10 8 7 13 11 12 6 2 4 5
140 120 1024 992 9 10 11 8 7 12 13 6 5 1 4
160 120 1024 992 10 9 8 7 13 12 11 6 2 4 5
180 120 1024 992 10 11 8 7 13 9 12 6
200 120 1024 992 10 8 11 7 9 12 13 6 4 2 5
220 120 1024 992 10 11 8 13 7 12 9 6
240 120 1024 992 10 8 11 7 13 14 12
260 120 1024 992 10 11 8 14 13 7 15 12
280 120 1024 992 10 11 8 13 15 14 7
300 120 1024 992 10 11 8 15 13 14
320 120 1024 992 13 11 8 10 15 14
340 120 1024 992 11 13 15 8 14
20 140 1024 992 9 10 7 11 8 13 12 6 4
40 140 1024 992 9 10 7 8 11 12 13 4 6 5
60 140 1024 992 9 10 8 11 7 13 12 6 4
80 140 1024 992 9 10 7 8 13 11 12 4 6
100 140 1024 992 9 10 11 7 8 12 13 6 4
120 140 1024 992 9 10 7 8 11 12 13 4 6
140 140 1024 992 9 10 7 11 8 12 13 6 4
160 140 1024 992 9 10 8 7 11 13 12 6 4 0
180 140 1024 992 9 10 11 7 8 13 12 6 4
200 140 1024 992 10 7 9 8 11 13 12 4 6
220 140 1024 992 10 8 11 9 7 13 12 6 4
240 140 1024 992 10 14 7 8 13 9 11 12 4
260 140 1024 992 10 11 8 14 7 15 13 12
280 140 1024 992 10 14 11 8 7 13 15
300 140 1024 992 10 14 11 8 15 13 7
320 140 1024 992 11 15 8 10 14 13
340 140 1024 992 11 14 15 13 8
20 160 1024 992 10 9 8 11 13 7 12
40 160 1024 992 10 9 8 11 12 13 7
60 160 1024 992 10 9 8 11 13 7 12
80 160 1024 992 10 9 8 11 7 13 12
100 160 1024 992 10 9 8 11 12 13 7
120 160 1024 992 9 10 8 13 11 12 7
140 160 1024 992 10 9 8 11 13 12 7
160 160 1024 992 10 9 8 11 13 12 7
180 160 1024 992 10 8 11 9 13 7
200 160 1024 992 10 8 11 9 13 12
220 160 1024 992 10 8 13 11 9 14 12
240 160 1024 992 10 14 11 8 13 12 9
260 160 1024 992 10 14 11 8 15 13
280 160 1024 992 10 14 11 13 8 15
300 160 1024 992 10 8 14 11 13 15
320 160 1024 992 11 13 15 8 14 10
340 160 1024 992 11 13 15 14 8
80 180 1024 992 10 9 11 13 12 8 7
100 180 1024 992 9 10 11 13 12 8
120 180 1024 992 10 9 11 13 12 8
140 180 1024 992 9 11 10 12 13 8
160 180 1024 992 10 11 9 13 12 8
180 180 1024 992 11 10 9 13 8 12
200 180 1024 992 11 10 9 13 12
220 180 1024 992 11 10 13 9 12
240 180 1024 992 14 10 11 13 12 9 8
260 180 1024 992 11 14 15 13 10 12
280 180 1024 992 11 14 13 10 15
300 180 1024 992 11 14 10 13 15 8
320 180 1024 992 11 13 14
340 180 1024 992 11 14 13 15
80 200 1024 992 10 9 13 11 12
100 200 1024 992 9 10 13 11 12
120 200 1024 992 9 10 11 13 12
140 200 1024 992 9 10 11 12 13 8
160 200 1024 992 10 9 11 13 12
180 200 1024 992 10 11 13 9 12
200 200 1024 992 10 13 9 12 11
220 200 1024 992 10 11 13 9 12
240 200 1024 992 10 14 11 13 12 9
260 200 1024 992 10 14 11 13 15 12
280 200 1024 992 14 11 13 10 15
300 200 1024 992 10 14 11 13 15
120 220 1024 992 10 9 12 11 13
140 220 1024 992 10 9 12 11 13
160 220 1024 992 10 13 12 9 11
180 220 1024 992 13 10 11 9 12
200 220 1024 992 10 13 12 11 9
220 220 1024 992 13 10 11 12 9 14
240 220 1024 992 10 14 12 13 11
20 0 1024 992 9 10 11 6 8 13 5 12 2 3 7 4
40 0 1024 992 10 9 11 7 6 13 8 2 5 12 4
60 0 1024 992 9 11 10 6 13 8 5 12 2 7 4
80 0 1024 992 10 9 6 11 13 7 5 2 8 12
100 0 1024 992 10 9 11 13 6 12 5 8 7 2 4
120 0 1024 992 9 10 11 6 13 5 12 8 2 7 4
140 0 1024 992 10 9 11 6 13 7 8 5 4 12 3 2
160 0 1024 992 11 9 10 13 5 7 8 12 2 6 4
180 0 1024 992 10 9 11 6 8 13 5 2 7 12 3
200 0 1024 992 10 11 9 13 14 7 6 5 12 8 2 4
220 0 1024 992 10 11 14 6 9 8 13 12 7 5
240 0 1024 992 10 11 7 14 13 6 9 8 12 5
260 0 1024 992 11 10 13 14 7 8 6 5 12
280 0 1024 992 10 11 8 7 14 6 13
300 0 1024 992 10 11 13 14 7 6 8
320 0 1024 992 11 8 14 13 10 7
0 20 1024 992 9 10 11 5 8 7 6 12 13 2 4
20 20 1024 992 9 10 11 8 6 12 7 13 2 5 4
40 20 1024 992 9 10 11 7 6 13 8 12 5 4
60 20 1024 992 9 10 11 12 13 5 8 7 6 2 4
80 20 1024 992 9 10 11 6 7 8 12 4 13 2
100 20 1024 992 9 10 8 11 12 6 5 13 7
120 20 1024 992 9 10 7 12 11 13 8 6 5 2
140 20 1024 992 9 10 11 6 13 12 7 8 5 4
160 20 1024 992 9 10 11 12 7 13 5 8 4 6 2
180 20 1024 992 10 11 9 8 7 6 12 13 2 5 4
200 20 1024 992 10 11 9 7 12 14 8 13 6 5
220 20 1024 992 10 14 11 8 13 12 7 9 6 5
240 20 1024 992 10 11 14 7 8 13 12 6 9
260 20 1024 992 10 11 8 7 14 13 12 6
280 20 1024 992 10 11 14 7 8 6 13
300 20 1024 992 10 11 14 8 7 13 6
320 20 1024 992 11 14 8 13 10 7
0 40 1024 992 10 9 11 6 13 8 7 4 12 2
20 40 1024 992 9 8 10 6 11 13 12 2 7 4 5
40 40 1024 992 9 10 8 6 11 13 7 12 5 4 2
60 40 1024 992 9 10 11 8 6 13 12 7 2 4
80 40 1024 992 9 10 6 8 11 7 13 12 2 5 4
100 40 1024 992 9 10 8 11 6 13 4 12 7 2
120 40 1024 992 9 10 8 6 13 11 12 7 2 5 4
140 40 1024 992 9 10 6 8 11 13 12 4 7 2 5
160 40 1024 992 9 10 11 8 13 5 7 6 12 2 4
180 40 1024 992 10 8 9 6 11 13 7 2 5 12 4
200 40 1024 992 10 9 11 13 6 14 8 7 12 5 4 2
220 40 1024 992 8 10 14 6 11 9 13 12 7 4 2
240 40 1024 992 10 14 11 15 8 13 6 7 9 12 4
260 40 1024 992 10 11 8 15 14 6 13 7 4 5 12 9
280 40 1024 992 8 10 15 14 11 6 7 13 5
300 40 1024 992 10 15 11 13 8 14 6 7
320 40 1024 992 15 8 14 11 13 10
0 60 1024 992 9 10 7 5 8 13 12 11 6 2 4
20 60 1024 992 8 9 10 7 11 6 13 12 5 2 4
40 60 1024 992 9 10 8 11 6 5 7 13 12 2 4
60 60 1024 992 9 10 11 6 8 7 13 12 5 2 4 3
80 60 1024 992 10 9 8 11 6 7 13 2 12 5
100 60 1024 992 9 10 8 5 12 11 13 6 7 2 4
120 60 1024 992 9 8 10 11 7 6 12 13 5 2 4
140 60 1024 992 9 10 8 11 6 12 13 7 5 2 4
160 60 1024 992 9 11 10 7 5 13 12 8 6 2
180 60 1024 992 10 8 11 9 7 6 13 12 5 2 4
200 60 1024 992 9 10 11 13 5 12 7 6 8 14 2 4
220 60 1024 992 8 10 9 11 14 7 6 13 12 5 4 2
240 60 1024 992 8 10 11 15 14 7 13 6 9 12 5 2
260 60 1024 992 10 11 15 13 8 7 5 14 6 12
280 60 1024 992 8 11 10 15 14 7 13 6 5
300 60 1024 992 10 15 8 11 13 14 6 7
320 60 1024 992 15 8 11 14 13 10
340 60 1024 992 15 14 11 8 13
0 80 1024 992 10 9 11 7 13 6 5 12 8 2 1 4
20 80 1024 992 9 10 8 6 11 13 12 5 7 2 4 3
40 80 1024 992 10 9 11 8 7 6 13 2 12 5 1 4
60 80 1024 992 9 10 11 8 6 13 5 7 12 2 3 1 4
80 80 1024 992 10 9 11 6 7 8 12 13 5 2 4
100 80 1024 992 10 9 11 8 13 6 7 12 5 2 4 1
120 80 1024 992 9 10 8 11 6 12 13 7 5 2 4
140 80 1024 992 10 9 11 8 6 7 13 12 5 2 4 3
160 80 1024 992 11 9 10 7 8 13 5 12 6 2 1 4 3
180 80 1024 992 10 11 9 6 8 13 7 5 12 2 3
200 80 1024 992 10 11 7 8 9 13 14 6 12 5 2 4
220 80 1024 992 8 10 11 14 6 13 9 7 12 5 2
240 80 1024 992 10 11 14 7 15 13 8 6 12 9 5
260 80 1024 992 11 10 15 8 14 7 13 6 12 5
280 80 1024 992 10 11 15 14 8 7 6 13
300 80 1024 992 10 15 11 8 14 13 7 6
320 80 1024 992 11 14 15 8 13 10 7
340 80 1024 992 11 15 14 13 8
0 100 1024 992 10 9 11 13 12 5 6 7 8 2 4
20 100 1024 992 10 9 8 11 6 12 13 7 2 5 4
40 100 1024 992 10 9 11 7 8 13 12 6 5 2 4
60 100 1024 992 10 11 9 8 12 13 5 6 7 2 4
80 100 1024 992 10 9 11 6 8 12 7 13 2 4
100 100 1024 992 10 9 11 8 13 12 6 7 5 2 4
120 100 1024 992 10 9 11 7 8 12 13 6 2 5 3 4
140 100 1024 992 9 10 11 12 6 13 8 7 5 4 2
160 100 1024 992 10 11 9 8 12 13 7 5 6 2 4
180 100 1024 992 10 11 8 9 6 7 13 12 2 5
200 100 1024 992 10 11 14 7 9 13 12 6 8 5 4
220 100 1024 992 10 11 8 13 7 6 12 9 14 5 2 4
240 100 1024 992 11 10 8 7 13 15 6 12 14 9
260 100 1024 992 11 10 8 15 13 7 6 12 14
280 100 1024 992 10 11 8 7 15 13 6 14
300 100 1024 992 10 11 13 8 14 7 15 6
320 100 1024 992 11 8 13 15 10 14 7
340 100 1024 992 11 13 8 15 14
0 120 1024 992 10 9 7 11 13 8 6 12 5 4 2
20 120 1024 992 10 8 9 11 7 13 6 12 4 2
40 120 1024 992 9 10 7 8 11 13 4 6 12 5 2
60 120 1024 992 10 9 8 11 7 13 6 12 5 4 2
80 120 1024 992 10 9 8 7 11 6 12 4 2
100 120 1024 992 10 9 8 11 7 13 12 6 5 4 2
120 120 1024 992 9 10 8 7 11 13 6 12 2 4
140 120 1024 992 10 9 8 11 7 13 12 6 4 2 0
160 120 1024 992 10 9 8 11 7 13 6 4 2 12
180 120 1024 992 10 8 9 11 7 6 2 4 12 0
200 120 1024 992 10 9 7 11 13 14 8 12 6 4 5
220 120 1024 992 10 8 14 13 11 7 6 9 12 4
240 120 1024 992 10 11 8 14 7 13 15 12 9 6 4
260 120 1024 992 10 11 8 13 15 14 7 6 12
280 120 1024 992 10 8 15 11 14 7 6
300 120 1024 992 10 11 14 15 13 8 7
320 120 1024 992 11 8 14 13 15 10
340 120 1024 992 11 14 13 15 8
0 140 1024 992 10 9 11 8 7 13 12 6 5 4
20 140 1024 992 10 8 9 7 13 11 6 12 4
40 140 1024 992 10 9 8 11 13 7 12 6 4
60 140 1024 992 10 9 8 11 13 7 6 12 5 4
80 140 1024 992 10 9 8 7 13 11 6 12 4
100 140 1024 992 10 9 8 11 13 12 7 5 6 4
120 140 1024 992 9 10 8 13 7 11 12 6 4 5
140 140 1024 992 10 9 8 11 13 7 12 6 4
160 140 1024 992 9 11 10 8 13 7 12 6 5 4
180 140 1024 992 10 8 9 7 13 11 6 12
200 140 1024 992 10 9 11 13 14 8 7 12 6 5
220 140 1024 992 10 8 14 11 13 9 7 12 6
240 140 1024 992 10 8 11 14 13 15 7 12 9
260 140 1024 992 11 10 8 13 14 15 7 12
280 140 1024 992 8 10 13 14 11 15 7
300 140 1024 992 10 8 13 11 14 15 7
320 140 1024 992 11 14 13 8 15
340 140 1024 992 14 11 13 8 15
0 160 1024 992 10 11 9 13 8 7 12
20 160 1024 992 10 9 11 8 7 13 12
40 160 1024 992 10 9 11 13 8 7 12
60 160 1024 992 9 10 11 8 7 13 12
80 160 1024 992 10 9 11 8 7 12 13
100 160 1024 992 9 10 11 8 12 13 7
120 160 1024 992 9 10 11 8 12 7 13
140 160 1024 992 9 10 11 13 8 12 7
160 160 1024 992 11 9 10 8 13 12 7
180 160 1024 992 10 11 8 9 7 13 12
200 160 1024 992 10 11 14 9 13 8 12 7
220 160 1024 992 14 11 10 8 13 9 12 7
240 160 1024 992 10 11 15 14 13 8 12 7
260 160 1024 992 11 10 8 15 14 13 12
280 160 1024 992 11 10 15 14 8 13
300 160 1024 992 10 11 15 14 13 8
320 160 1024 992 11 14 13 8 15 10
340 160 1024 992 11 14 15 13
60 180 1024 992 10 9 11 12 13 8
80 180 1024 992 10 9 11 13 12 8
100 180 1024 992 9 10 11 13 12 7 8
120 180 1024 992 10 9 12 11 13 8
140 180 1024 992 9 10 11 13 12 8
160 180 1024 992 10 9 11 13 12 8 7
180 180 1024 992 10 11 13 9 12 8
200 180 1024 992 10 14 11 13 9 12 8 7
220 180 1024 992 10 14 13 11 12 8 9
240 180 1024 992 11 10 15 13 14 12 8
260 180 1024 992 11 10 15 13 14 8 12
280 180 1024 992 10 15 11 13 14 8
300 180 1024 992 10 11 13 15 14 8
320 180 1024 992 11 13 15 14
340 180 1024 992 11 14 15 13
60 200 1024 992 9 10 11 13 12
80 200 1024 992 10 9 11 13 12
100 200 1024 992 9 10 11 12 13 8
120 200 1024 992 9 10 12 13 11 8
140 200 1024 992 9 13 10 11 12
160 200 1024 992 9 11 10 12 13
180 200 1024 992 10 11 9 13 12 8
200 200 1024 992 10 11 13 9 12 14
220 200 1024 992 10 14 11 12 8 13 9
240 200 1024 992 13 10 15 11 14 12 9
260 200 1024 992 10 11 15 13 14 12
280 200 1024 992 11 10 15 14 13 8
300 200 1024 992 10 13 14 11 15
100 220 1024 992 10 11 9 12 13
120 220 1024 992 10 12 9 11 13 8
140 220 1024 992 10 13 11 9 12
160 220 1024 992 10 11 9 13 12
180 220 1024 992 10 11 13 12 9
200 220 1024 992 10 14 13 12 9 11
220 220 1024 992 14 10 11 12 13 9
240 220 1024 992 15 14 11 13 10 12
260 220 1024 992 15 11 10 14 13 12
0 0 1024 992 9 10 8 11 12 13 6 5 7 4 2
20 0 1024 992 9 10 11 8 6 12 7 5 2 13 3 4
40 0 1024 992 9 10 11 6 8 12 13 7 2 5 3 4
60 0 1024 992 10 9 11 8 6 7 5 12 13 2 3
80 0 1024 992 9 10 11 6 8 12 13 7 5 2
100 0 1024 992 10 9 11 8 6 12 13 7 2 4
120 0 1024 992 9 10 11 6 12 8 7 13 13 5 2 3
140 0 1024 992 9 10 11 8 12 13 6 7 5 2 4
160 0 1024 992 9 10 11 8 6 12 7 13 5 2 4
180 0 1024 992 10 11 8 9 14 6 13 12 7 2 4 5
200 0 1024 992 10 11 8 9 14 7 6 12 13 5
220 0 1024 992 10 8 11 14 15 13 12 7 6 9 5
240 0 1024 992 10 11 8 14 7 12 13 6 9 15
260 0 1024 992 10 11 14 15 8 13 7 6 12
280 0 1024 992 10 11 8 14 7 13 6 15
300 0 1024 992 10 15 11 14 8 13 7 6
320 0 1024 992 14 11 8 15 13 10 7
0 20 1024 992 10 9 8 13 11 12 4 5 7 6 2
20 20 1024 992 10 9 7 8 11 4 13 12 6 2 5
40 20 1024 992 10 9 13 11 6 12 8 4 7 5 3 2
60 20 1024 992 10 9 11 7 13 8 12 6 4 5 3
80 20 1024 992 10 9 13 11 8 12 7 6 4 5 2
100 20 1024 992 10 9 13 11 7 8 12 6 4 2 5
120 20 1024 992 10 9 11 12 13 6 4 7 5 8 2 3
140 20 1024 992 9 10 11 13 12 8 4 7 5 6
160 20 1024 992 9 10 11 13 8 12 7 4 6 5 2
180 20 1024 992 10 14 11 13 9 8 12 6 4 5 7
200 20 1024 992 10 14 9 11 8 13 15 7 12 4 6
220 20 1024 992 10 14 15 11 13 8 9 12 7 4 5 6
240 20 1024 992 10 8 11 15 14 13 7 6 12 9 4
260 20 1024 992 10 15 14 11 13 7 6 12 8 5
280 20 1024 992 10 15 11 13 14 7 8 6
300 20 1024 992 15 10 14 8 11 13 7
320 20 1024 992 15 14 13 11 8 10
0 40 1024 992 9 10 8 13 12 5 11 6 4 7
20 40 1024 992 9 10 11 8 12 6 5 7 13 4
40 40 1024 992 9 10 6 12 13 11 5 8 7 4
60 40 1024 992 9 10 11 13 6 8 12 5 7 4
80 40 1024 992 9 10 8 12 13 11 5 6 7 4
100 40 1024 992 10 9 11 12 13 6 8 5 7 2 4
120 40 1024 992 9 10 12 6 11 13 5 7 8 3 4 2
140 40 1024 992 9 10 8 13 11 12 6 5 7 4
160 40 1024 992 9 10 8 11 12 13 6 5 7 14
180 40 1024 992 10 14 9 8 13 11 12 6 5 7 4
200 40 1024 992 10 11 9 14 13 12 15 8 6 5 7
220 40 1024 992 10 8 15 14 11 13 12 6 5 7 9
240 40 1024 992 11 10 8 13 12 14 15 6 7 5 9
260 40 1024 992 10 11 14 15 13 6 7 12 8 5
280 40 1024 992 10 11 13 14 15 8 7 6
300 40 1024 992 10 14 8 15 11 13 7 6
320 40 1024 992 14 13 15 8 11 10
340 40 1024 992 11 15 14 13 8
0 60 1024 992 10 9 8 6 13 12 11 4 7 2
20 60 1024 992 9 10 8 11 6 13 7 12 4 2
40 60 1024 992 10 9 8 13 6 11 12 7 2 4 5 3
60 60 1024 992 10 9 11 8 13 6 7 12 2 4 5
80 60 1024 992 9 10 8 13 6 11 12 7 4 5 2
100 60 1024 992 10 9 8 11 13 6 12 2 7 4
120 60 1024 992 9 10 13 12 6 11 2 7 8 4 5
140 60 1024 992 10 9 8 11 12 13 6 4 7 2 5
160 60 1024 992 9 10 8 11 6 12 13 7 2 14
180 60 1024 992 10 8 13 11 9 6 14 12 7 2 4
200 60 1024 992 10 11 15 8 14 13 9 6 12 7 4 2 5
220 60 1024 992 15 10 8 14 13 11 6 9 12 7 4
240 60 1024 992 8 10 15 13 11 14 6 12 7 9 4
260 60 1024 992 10 15 11 13 7 6 14 8 12
280 60 1024 992 10 15 11 8 13 14 7 6
300 60 1024 992 15 10 8 14 11 13 6 7
320 60 1024 992 15 13 11 8 14 10 7
340 60 1024 992 15 11 13 14 8
0 80 1024 992 9 10 11 13 12 8 6 7 5 4 2
20 80 1024 992 9 10 7 12 6 11 13 8 4 2
40 80 1024 992 9 10 11 13 6 12 7 8 2 5
60 80 1024 992 10 9 11 13 7 12 6 8 2 4 5
80 80 1024 992 9 10 11 13 12 6 7 8 4
100 80 1024 992 9 10 11 13 6 7 12 8 2
120 80 1024 992 9 10 12 11 13 6 7 8 4 5 2
140 80 1024 992 9 10 11 13 12 8 6 7 2 5 4
160 80 1024 992 9 10 11 12 13 7 6 8 14 5
180 80 1024 992 10 11 9 13 14 6 8 7 12 2 5
200 80 1024 992 10 11 9 13 15 12 14 7 8 6 2
220 80 1024 992 10 11 15 14 13 9 8 12 7 6 4
240 80 1024 992 11 10 13 7 14 12 15 6 8 9 5
260 80 1024 992 10 11 13 15 8 7 6 14 12
280 80 1024 992 10 11 13 14 15 8 7 6
300 80 1024 992 10 14 15 11 13 7 8 6
320 80 1024 992 13 11 15 14 10 8 7
340 80 1024 992 11 13 15 14 8
0 100 1024 992 10 9 8 13 7 11 12 6 5 4 2
20 100 1024 992 9 10 8 7 6 11 13 12 5 4
40 100 1024 992 10 9 8 6 13 11 7 12 2 4
60 100 1024 992 10 9 11 8 13 7 6 12 4 2 5
80 100 1024 992 9 10 13 7 11 8 6 12 5 4
100 100 1024 992 10 9 8 13 11 6 7 12 2
120 100 1024 992 10 9 7 11 8 13 6 12 4
140 100 1024 992 9 10 8 11 13 12 7 6 4 2 5
160 100 1024 992 9 10 8 11 7 6 13 12 5 4
180 100 1024 992 10 8 13 11 9 14 6 7 12 2
200 100 1024 992 10 8 11 14 15 13 7 9 6 12 4
220 100 1024 992 10 14 8 15 13 11 7 6 9 12 4 5
240 100 1024 992 8 10 15 14 11 13 7 6 12 9
260 100 1024 992 10 15 11 13 8 7 6 14 12
280 100 1024 992 10 11 15 8 13 14 7 6
300 100 1024 992 15 10 11 8 13 14 6 7
320 100 1024 992 13 15 8 11 14 7 10
340 100 1024 992 11 15 13 14 8
0 120 1024 992 10 11 9 13 8 7 12 6 5 4 2
20 120 1024 992 9 10 8 7 11 12 13 6 2 5
40 120 1024 992 10 9 11 13 7 12 8 6 2 4
60 120 1024 992 10 11 9 13 8 7 12 2 5
80 120 1024 992 10 9 11 13 7 8 12 6 5 4
100 120 1024 992 10 11 9 13 7 12 8 6 2 4
120 120 1024 992 10 9 11 12 7 13 6 8 4 5
140 120 1024 992 9 10 11 13 8 12 7 4 2 5 1
160 120 1024 992 9 10 11 12 13 8 7 14 2 5 6 4
180 120 1024 992 10 11 14 13 9 7 8 12 2 6
200 120 1024 992 10 11 13 8 14 15 9 12 7
220 120 1024 992 10 11 13 8 14 7 15 9 12 6 5
240 120 1024 992 11 10 14 8 13 15 12 7 9 6
260 120 1024 992 10 14 13 11 15 7 8 12 6
280 120 1024 992 11 10 13 8 14 15
300 120 1024 992 10 8 11 14 13 15 7
320 120 1024 992 11 13 14 15 8
340 120 1024 992 11 14 13 15
0 140 1024 992 10 8 9 11 13 12 7 6
20 140 1024 992 10 9 8 11 7 13 12 6 5
40 140 1024 992 10 9 11 8 13 12 7 6
60 140 1024 992 10 11 8 9 13 7 12 6
80 140 1024 992 9 10 8 11 13 7 12 6 4
100 140 1024 992 10 11 9 8 13 7 12 6
120 140 1024 992 9 10 11 8 13 7 12 6
140 140 1024 992 10 9 8 11 13 12 7 6
160 140 1024 992 10 9 8 11 13 7 12 5 6
180 140 1024 992 10 8 11 13 14 9 12 7 6
200 140 1024 992 10 11 8 14 13 7 15 9 12
220 140 1024 992 10 8 11 15 14 13 7 12 9
240 140 1024 992 8 14 10 11 13 15 7 12
260 140 1024 992 10 11 8 15 14 13 7 12
280 140 1024 992 10 11 8 14 15 13 7
300 140 1024 992 10 11 8 14 13 15
320 140 1024 992 11 13 8 14 15
340 140 1024 992 11 14 15 13
0 160 1024 992 10 8 9 11 13 7 12
20 160 1024 992 10 9 8 12 7 13 11
40 160 1024 992 10 9 8 11 12 13 7
60 160 1024 992 10 9 11 8 13 12 7
80 160 1024 992 10 8 9 13 7 11 12
100 160 1024 992 10 9 8 11 13 12 7
120 160 1024 992 10 9 12 11 7 13 8
140 160 1024 992 9 10 8 11 13 12 7
160 160 1024 992 8 9 10 11 12 13 7 14
180 160 1024 992 10 8 11 14 13 9 7 12
200 160 1024 992 10 11 8 14 13 12 15 9 7
220 160 1024 992 10 8 14 11 13 15 12 9 7
240 160 1024 992 8 10 11 13 14 15 12 7
260 160 1024 992 10 14 13 15 8 11 12 7
280 160 1024 992 10 11 14 13 8 15
300 160 1024 992 8 14 15 10 11 13
320 160 1024 992 13 11 15 14 8
340 160 1024 992 11 15 13 14
40 180 1024 992 10 9 13 11 12 8
60 180 1024 992 10 11 9 13 12 8
80 180 1024 992 10 9 13 11 12 8
100 180 1024 992 10 11 9 13 12 8
120 180 1024 992 10 9 11 13 12 8
140 180 1024 992 9 10 11 12 13 8
160 180 1024 992 11 9 10 13 12 8 14
180 180 1024 992 10 14 13 11 12 8 9
200 180 1024 992 14 11 10 15 13 12 8 9
220 180 1024 992 14 10 13 15 11 12 8
240 180 1024 992 11 15 13 14 12 10 8
260 180 1024 992 10 11 15 13 14 12
280 180 1024 992 15 10 14 11 13 8
300 180 1024 992 14 10 15 11 13 8
320 180 1024 992 11 13 15 14 8 10
340 180 1024 992 11 14 15 13
60 200 1024 992 10 11 9 13 12 8
80 200 1024 992 10 13 9 11 12 8
100 200 1024 992 10 13 9 11 12
120 200 1024 992 10 13 9 12 11 8
140 200 1024 992 10 9 11 13 12 8
160 200 1024 992 11 10 9 12 13 14 8
180 200 1024 992 10 13 11 14 12 8 9
200 200 1024 992 10 11 13 15 14 12
220 200 1024 992 15 10 13 14 11 12
240 200 1024 992 15 14 11 13 10 12
260 200 1024 992 13 10 15 11 12 14
280 200 1024 992 11 15 10 13 14 12
300 200 1024 992 15 13 11 10 14
80 220 1024 992 10 13 11 9 12
100 220 1024 992 10 11 13 9 12
120 220 1024 992 10 11 12 9 13
140 220 1024 992 10 13 9 12 11 8
160 220 1024 992 11 10 12 13 14 9
180 220 1024 992 10 11 13 14 12 9
200 220 1024 992 10 11 14 15 13 12
220 220 1024 992 15 10 14 13 11 12
240 220 1024 992 11 10 15 13 14 12
260 220 1024 992 11 13 10 14 15 12
240 240 1024 992 15 13 10 14 11 12
0 0 1024 992 10 9 8 11 13 6 7 12 5 4
20 0 1024 992 10 9 8 13 11 6 12 5 7 2 4
40 0 1024 992 10 9 8 13 11 6 12 5 7 4
60 0 1024 992 10 9 13 11 6 8 12 5 7 2
80 0 1024 992 9 10 13 11 6 8 12 5 7
100 0 1024 992 10 9 11 13 12 8 6 7 5 2 4
120 0 1024 992 9 10 8 13 11 12 7 6 5
140 0 1024 992 10 9 11 13 14 8 6 12 5 7 4
160 0 1024 992 10 9 13 8 11 14 6 12 5 7
180 0 1024 992 15 10 14 11 9 13 6 8 12 5 7
200 0 1024 992 10 15 14 13 11 9 6 8 12 7 5
220 0 1024 992 10 15 8 9 11 13 14 12 6 7
240 0 1024 992 15 10 8 13 14 11 7 9 12 6
260 0 1024 992 15 10 8 14 13 11 12 6 7
280 0 1024 992 15 8 10 13 11 14 7 6 12
300 0 1024 992 15 13 8 14 11 10 6
320 0 1024 992 15 14 11 13 8 10
0 20 1024 992 9 10 8 11 13 6 12 5 7
20 20 1024 992 10 8 9 11 13 12 6 7 4 5
40 20 1024 992 10 9 8 11 12 13 6 7 5
60 20 1024 992 10 9 11 8 6 13 12 5 7 4
80 20 1024 992 9 10 11 8 13 6 12 7 5 4
100 20 1024 992 9 10 11 8 12 6 13 7 4 5 2
120 20 1024 992 9 10 8 11 13 12 6 7 5
140 20 1024 992 9 10 11 14 8 12 6 13 7 5 4
160 20 1024 992 10 8 9 11 14 13 6 12 7 5
180 20 1024 992 15 10 11 14 9 8 13 6 7 12 5
200 20 1024 992 10 8 11 15 9 13 14 6 12 7
220 20 1024 992 10 8 15 11 9 13 14 6 12 7
240 20 1024 992 8 10 15 13 14 11 12 7 9 6
260 20 1024 992 10 8 11 15 13 14 12 6 7
280 20 1024 992 8 10 15 11 14 13 6
300 20 1024 992 10 15 11 13 8 14 6
320 20 1024 992 15 14 11 13 8 10
340 20 1024 992 15 14 11 13 8
0 40 1024 992 10 9 8 11 13 6 7 12 4 5
20 40 1024 992 10 9 11 13 8 6 12 7 4 5 2
40 40 1024 992 10 9 11 13 8 12 7 6 5 4
60 40 1024 992 10 9 13 11 6 12 7 8 5 4
80 40 1024 992 10 9 11 13 8 6 12 7 4
100 40 1024 992 10 9 11 13 12 6 7 8 2 4 5
120 40 1024 992 10 9 11 13 8 7 12 6 5
140 40 1024 992 10 9 11 14 13 12 6 7 8 4 5
160 40 1024 992 10 9 14 11 13 8 6 12 7 5
180 40 1024 992 15 10 11 14 9 13 7 6 12 8 4
200 40 1024 992 10 11 15 13 14 6 9 12 8 7
220 40 1024 992 10 15 11 14 9 13 8 7 12 6
240 40 1024 992 10 15 13 11 14 7 8 12 9 6
260 40 1024 992 10 15 13 14 11 8 7 12 6 9
280 40 1024 992 10 15 11 13 14 8 7 6
300 40 1024 992 15 13 11 10 8 14 7
320 40 1024 992 11 15 13 14 8 10 7
340 40 1024 992 14 15 11 13 8
0 60 1024 992 9 10 11 8 7 12 6 13 5 4
20 60 1024 992 10 8 9 11 13 12 6 7 2 5 4
40 60 1024 992 10 9 11 8 12 13 7 6 5 4
60 60 1024 992 10 9 11 8 6 12 13 7 5 4 2
80 60 1024 992 9 10 11 8 13 6 12 7 2 5
100 60 1024 992 9 10 11 12 8 6 13 7 4 2 5
120 60 1024 992 9 10 11 8 13 7 12 6 5
140 60 1024 992 9 10 14 11 8 12 6 13 7 5 4
160 60 1024 992 10 11 9 14 8 13 6 12 7 5
180 60 1024 992 11 10 14 15 9 8 7 6 13 12 4 5
200 60 1024 992 10 11 9 8 14 15 6 13 7 12 2 4
220 60 1024 992 10 11 8 15 9 14 7 6 13 12
240 60 1024 992 8 10 15 14 11 7 12 13 9 6
260 60 1024 992 10 11 15 14 8 13 12 7 6 5 9
280 60 1024 992 11 14 15 10 8 13 7 6
300 60 1024 992 11 14 10 15 8 13 7
320 60 1024 992 14 11 8 13 15 10 7
340 60 1024 992 11 14 15 13 8
0 80 1024 992 10 9 8 11 13 7 6 12 4
20 80 1024 992 10 8 9 13 11 7 12 5 6 4
40 80 1024 992 10 9 8 11 13 12 7 5 6 4
60 80 1024 992 10 11 9 13 7 8 12 6 5 4 2
80 80 1024 992 10 9 11 8 13 6 7 12 5 4
100 80 1024 992 10 9 11 13 12 6 8 7 4
120 80 1024 992 10 9 8 11 13 12 7 6
140 80 1024 992 10 9 14 11 8 13 12 7 5 6
160 80 1024 992 10 11 14 9 8 13 7 12 6 5 4
180 80 1024 992 10 15 14 11 13 9 8 6 7 12 4
200 80 1024 992 10 14 11 15 13 7 9 8 12 6 5
220 80 1024 992 10 8 11 15 9 13 14 7 6 12
240 80 1024 992 10 8 15 13 14 11 7 12 9
260 80 1024 992 10 8 15 11 13 14 7 12 6 9
280 80 1024 992 10 11 14 15 8 13 7 6
300 80 1024 992 8 11 14 13 10 15 7
320 80 1024 992 14 11 13 15 8 10 7
340 80 1024 992 11 14 15 13 8
0 100 1024 992 9 10 8 11 12 13 7 6 5
20 100 1024 992 8 10 9 11 13 12 6 7 5 4
40 100 1024 992 10 9 8 11 12 13 6 5 7 4
60 100 1024 992 10 9 8 11 13 6 12 7 5
80 100 1024 992 9 10 8 11 13 12 6 7 4
100 100 1024 992 9 10 8 11 12 13 6 7 4 2
120 100 1024 992 9 10 8 11 13 12 7 5 6
140 100 1024 992 9 10 14 8 11 12 13 6 7 5
160 100 1024 992 14 8 10 11 9 13 12 6 7 5 4
180 100 1024 992 14 10 11 8 15 9 13 6 12 7 4 5
200 100 1024 992 10 8 11 14 15 13 9 6 7 12 4
220 100 1024 992 8 10 11 15 14 9 13 12 7 6
240 100 1024 992 8 10 15 14 11 12 13 7 6 9
260 100 1024 992 10 8 11 14 15 13 7 12 6
280 100 1024 992 8 11 10 15 14 13 7 6
300 100 1024 992 8 14 10 11 15 13 7
320 100 1024 992 14 11 8 15 13 10
340 100 1024 992 11 15 14 13 8
0 120 1024 992 10 9 8 11 13 7 6 12
20 120 1024 992 10 8 9 13 7 11 12 4 6 2
40 120 1024 992 10 9 8 11 13 12 7 6 5
60 120 1024 992 10 9 8 11 13 7 12 6 2
80 120 1024 992 10 9 8 13 11 7 12 6 4 2
100 120 1024 992 10 9 8 13 11 12 7 6 4 2
120 120 1024 992 10 9 8 11 13 7 12 6
140 120 1024 992 10 9 8 14 11 13 7 12 6
160 120 1024 992 8 10 14 9 11 13 12 7 6 5 4
180 120 1024 992 10 15 14 8 11 13 7 9 12 6 4
200 120 1024 992 10 15 8 13 14 7 11 9 12 6 4
220 120 1024 992 10 8 11 15 13 9 7 14 12 6
240 120 1024 992 10 8 13 15 11 7 14 12 9
260 120 1024 992 10 8 15 11 14 13 7 12
280 120 1024 992 8 10 14 15 11 13 7 6
300 120 1024 992 8 15 13 11 10 14 7
320 120 1024 992 14 13 11 15 8 10
340 120 1024 992 13 11 14 15 8
0 140 1024 992 9 10 8 11 12 7 13 6
20 140 1024 992 8 9 10 11 13 7 12 4 6
40 140 1024 992 9 10 8 11 13 12 7 6
60 140 1024 992 9 10 8 11 13 12 7 6
80 140 1024 992 9 10 8 11 13 12 7 6 4
100 140 1024 992 9 10 8 11 12 13 7 6 4
120 140 1024 992 9 10 11 8 13 12 7 6
140 140 1024 992 10 9 8 14 11 12 13 7 6 4
160 140 1024 992 14 11 8 9 10 13 12 7 6
180 140 1024 992 11 14 10 8 15 13 7 9 12 6
200 140 1024 992 8 10 11 15 13 14 7 9 12 6
220 140 1024 992 8 10 11 15 14 7 9 13 12 6
240 140 1024 992 8 15 11 10 14 13 12 7
260 140 1024 992 10 8 11 15 14 13 12 7
280 140 1024 992 15 8 11 14 10 13 7
300 140 1024 992 11 15 8 14 10 13
320 140 1024 992 14 15 11 13 8 10
340 140 1024 992 14 11 15 13 8
0 160 1024 992 10 9 8 11 7 13 12
20 160 1024 992 10 9 8 13 11 12 7
40 160 1024 992 10 9 8 11 13 12 7
60 160 1024 992 10 9 8 11 13 12 7
80 160 1024 992 10 9 8 11 13 7 12
100 160 1024 992 10 9 11 8 13 12 7
120 160 1024 992 10 9 8 11 13 12 7
140 160 1024 992 10 9 14 8 11 13 12 7
160 160 1024 992 10 14 9 13 11 8 12
180 160 1024 992 15 10 14 11 13 8 7 9 12
200 160 1024 992 10 15 13 11 14 8 12 7 9
220 160 1024 992 10 15 8 11 9 13 14 7 12
240 160 1024 992 10 15 13 8 11 14 12
260 160 1024 992 10 15 8 11 13 14 12
280 160 1024 992 15 13 14 10 8 11
300 160 1024 992 15 13 11 14 8 10
320 160 1024 992 13 11 14 15 8
340 160 1024 992 15 11 13 14
20 180 1024 992 10 9 11 8 13 12
40 180 1024 992 9 10 11 12 13 8
60 180 1024 992 10 9 11 12 13 8
80 180 1024 992 9 10 11 12 13 8
100 180 1024 992 9 10 11 12 8 13
120 180 1024 992 9 10 11 12 13 8 7
140 180 1024 992 10 14 9 11 12 13 8
160 180 1024 992 14 11 9 13 10 12
180 180 1024 992 14 15 10 11 13 9 12
200 180 1024 992 15 10 13 11 14 9 12 8
220 180 1024 992 10 15 11 14 13 12 9
240 180 1024 992 15 10 11 14 13 12 8
260 180 1024 992 10 11 14 15 13 12 8
280 180 1024 992 15 14 11 10 13 8
300 180 1024 992 15 11 14 10 13 8
320 180 1024 992 15 11 14 13
340 180 1024 992 11 15 14 13
40 200 1024 992 10 9 11 12 13 8
60 200 1024 992 10 11 13 12 9 8
80 200 1024 992 10 9 11 12 13 8
100 200 1024 992 10 9 12 11 13 8
120 200 1024 992 10 9 11 13 12 8
140 200 1024 992 10 14 9 11 12 13 8
160 200 1024 992 14 11 10 13 9 12 8
180 200 1024 992 15 14 10 11 13 12 9
200 200 1024 992 15 10 13 11 14 12 9
220 200 1024 992 10 15 11 12 14 13 8 9
240 200 1024 992 10 15 13 11 14 12 8
260 200 1024 992 10 11 14 15 13 12 8
280 200 1024 992 14 11 13 15 10
300 200 1024 992 11 15 14 13 10
60 220 1024 992 10 13 9 11 12 8
80 220 1024 992 13 10 12 11 9 8
100 220 1024 992 10 13 9 12 11 8
120 220 1024 992 10 13 9 11 12 8
140 220 1024 992 14 10 13 11 12 9
160 220 1024 992 14 10 13 11 12 9
180 220 1024 992 14 10 15 13 11 12
200 220 1024 992 13 15 10 14 12 11 8
220 220 1024 992 15 10 13 11 12 14 8
240 220 1024 992 15 13 10 14 12 11 8
260 220 1024 992 10 13 11 15 14 12
240 240 1024 992 15 13 11 12 14 10
0 0 1024 992 9 10 8 13 11 6 12 5 7
20 0 1024 992 10 9 13 8 11 6 12 7
40 0 1024 992 10 9 8 6 11 12 13 7
60 0 1024 992 10 9 8 13 6 11 12 7 5 4
80 0 1024 992 10 8 9 11 13 12 6 7
100 0 1024 992 9 10 8 13 11 12 14 6 7
120 0 1024 992 9 14 10 8 11 13 12 6 7
140 0 1024 992 9 10 14 13 8 11 12 15 6 7
160 0 1024 992 10 14 9 11 15 8 13 6 12
180 0 1024 992 14 8 10 15 13 11 9 12 6 7 5
200 0 1024 992 15 14 8 10 11 9 13 6 12 7
220 0 1024 992 15 8 13 14 10 11 9 12 6 7
240 0 1024 992 15 14 8 10 13 11 12 6 9 7
260 0 1024 992 15 14 8 10 13 11 12 6 7
280 0 1024 992 15 14 10 11 13 8 7 6
300 0 1024 992 15 14 8 13 10 11 7
320 0 1024 992 15 14 13 8 11 10
340 0 1024 992 14 15 11 13 8
0 20 1024 992 9 10 13 11 6 8 7 12 5
20 20 1024 992 9 10 13 6 8 11 12 7 5 4
40 20 1024 992 10 9 13 7 11 8 6 12 5
60 20 1024 992 10 9 13 8 6 11 7 12 5
80 20 1024 992 10 9 8 13 11 7 12 6
100 20 1024 992 9 10 8 13 7 12 11 6 14
120 20 1024 992 9 10 13 14 8 11 12 7 6
140 20 1024 992 9 10 13 14 8 11 12 7 15
160 20 1024 992 10 9 15 13 11 14 7 8 12 6
180 20 1024 992 10 9 13 14 15 11 8 12 6 7
200 20 1024 992 10 15 13 14 11 9 8 12 6 7
220 20 1024 992 15 10 13 8 14 11 9 7 12 6
240 20 1024 992 15 14 13 11 10 12 7 6 9 8
260 20 1024 992 15 10 13 14 8 11 7 12 6
280 20 1024 992 15 14 13 11 10 7 8 6
300 20 1024 992 13 15 14 10 8 11 7 6
320 20 1024 992 15 14 13 11 10 8 7
340 20 1024 992 14 15 13 11 8
0 40 1024 992 9 10 13 11 6 12 8 7
20 40 1024 992 9 10 13 11 6 12 7 8 5
40 40 1024 992 10 9 11 13 8 12 6 7 13 5
60 40 1024 992 10 9 13 11 8 6 12 7 5
80 40 1024 992 10 9 8 11 13 12 7 6
100 40 1024 992 9 10 13 11 8 12 7 14 6
120 40 1024 992 9 10 14 11 13 12 8 7 6 2
140 40 1024 992 9 10 13 11 14 12 15 8 7
160 40 1024 992 10 9 11 14 13 15 8 12 6 7 4
180 40 1024 992 10 13 9 11 15 14 12 6 8 7 5 4
200 40 1024 992 10 15 14 11 9 13 12 8 6 7 5
220 40 1024 992 13 15 11 10 9 14 6 8 12 7 5
240 40 1024 992 15 14 10 11 13 12 6 9 7 8
260 40 1024 992 15 13 10 11 14 12 8 6 7
280 40 1024 992 15 10 13 11 14 7 8 6
300 40 1024 992 13 11 14 8 15 10 7
320 40 1024 992 11 15 13 14 8 10 7
340 40 1024 992 14 13 11 15 8
0 60 1024 992 9 10 13 11 6 7 12 8 5
20 60 1024 992 10 9 13 11 6 8 12 7
40 60 1024 992 10 9 13 11 8 7 12 6 5
60 60 1024 992 10 9 13 11 8 7 6 12 5
80 60 1024 992 10 9 11 13 7 8 12 6
100 60 1024 992 9 10 13 11 8 12 7 6 14
120 60 1024 992 9 10 13 11 14 8 7 12 6 4
140 60 1024 992 9 10 13 11 8 7 12 14 15 5 6 4
160 60 1024 992 10 9 15 13 11 14 7 8 6 12 4
180 60 1024 992 10 9 13 11 15 14 6 12 8 7 5
200 60 1024 992 10 9 15 11 14 13 6 12 7 8
220 60 1024 992 10 15 13 11 9 14 6 8 12 7
240 60 1024 992 15 14 10 13 11 6 12 7 9 8
260 60 1024 992 10 15 13 11 14 8 7 6 12 9
280 60 1024 992 15 14 10 11 13 8 7 6 12
300 60 1024 992 14 13 15 10 11 8 7
320 60 1024 992 14 15 13 11 10 7 8
340 60 1024 992 14 13 11 15 8
0 80 1024 992 10 9 11 13 8 6 12 7 5
20 80 1024 992 9 10 13 11 12 8 6 7 4 5
40 80 1024 992 10 8 9 11 13 12 6 7
60 80 1024 992 10 9 13 8 11 12 6 7
80 80 1024 992 10 8 9 11 13 12 7 6
100 80 1024 992 9 10 8 13 11 12 14 7 6
120 80 1024 992 10 9 14 8 11 13 12 7 5
140 80 1024 992 9 10 13 11 8 14 12 15 5 7 6 4
160 80 1024 992 10 9 15 14 11 13 8 12 6 5 4 7
180 80 1024 992 13 11 10 9 14 15 8 12 6 5 7 4
200 80 1024 992 10 15 14 11 13 9 8 12 6 7 5
220 80 1024 992 11 15 13 14 8 10 9 6 12 7 5
240 80 1024 992 14 15 10 11 13 12 8 6 7 9
260 80 1024 992 14 13 11 15 8 10 12 6 7
280 80 1024 992 14 15 10 13 8 11 7 6
300 80 1024 992 8 14 13 15 11 10 7
320 80 1024 992 14 15 13 11 8 10
340 80 1024 992 14 13 11 15 8
0 100 1024 992 10 9 11 13 8 6 7 12 4 5
20 100 1024 992 10 9 8 11 13 12 7 6 4
40 100 1024 992 10 8 11 9 13 7 12 6
60 100 1024 992 10 8 9 11 13 7 6 12 5
80 100 1024 992 10 8 9 11 13 7 12 6
100 100 1024 992 9 10 8 13 7 11 12 14 6 5
120 100 1024 992 9 10 8 13 14 11 7 12 6 5 4
140 100 1024 992 9 10 8 13 11 14 12 7 15 6 5 4
160 100 1024 992 10 15 9 13 8 11 14 7 12 6 4
180 100 1024 992 10 9 8 13 11 14 15 7 12 6 5
200 100 1024 992 8 14 10 11 13 15 9 7 12 6 5
220 100 1024 992 8 10 15 11 13 14 7 9 12 6
240 100 1024 992 14 15 8 11 13 10 7 12 6 9
260 100 1024 992 8 11 14 10 15 13 7 12 6
280 100 1024 992 8 14 11 15 13 10 7 6 12
300 100 1024 992 8 14 13 15 10 11 7
320 100 1024 992 14 15 13 11 8 10 7
340 100 1024 992 14 13 11 15 8
0 120 1024 992 10 8 9 13 11 7 6 12 4 5
20 120 1024 992 8 10 13 9 11 12 7 6
40 120 1024 992 10 8 11 9 13 12 7 6
60 120 1024 992 8 10 13 9 11 7 12
80 120 1024 992 8 10 9 13 11 7 12 6
100 120 1024 992 8 9 10 13 11 12 7 14 5
120 120 1024 992 10 9 8 14 13 11 7 12 6 4
140 120 1024 992 9 10 8 13 11 14 12 15 7 5 6 4
160 120 1024 992 10 8 14 9 11 15 13 7 12 4 5
180 120 1024 992 8 10 13 11 14 9 7 15 12 6 5
200 120 1024 992 10 8 14 15 11 13 7 9 12 6
220 120 1024 992 8 13 14 10 11 15 7 9 12 6
240 120 1024 992 14 8 10 15 13 11 7 12 6
260 120 1024 992 8 14 13 11 15 10 12 7
280 120 1024 992 14 8 15 13 11 10 7
300 120 1024 992 8 13 11 14 15 10 7
320 120 1024 992 14 15 13 11 8 10
340 120 1024 992 14 13 11 15 8
0 140 1024 992 10 9 11 13 8 7 12 6
20 140 1024 992 10 9 8 11 13 7 12
40 140 1024 992 10 8 11 9 13 7 12
60 140 1024 992 10 8 9 11 13 7 12
80 140 1024 992 10 9 8 11 13 7 12
100 140 1024 992 9 10 8 13 11 12 7
120 140 1024 992 9 10 8 11 13 14 12 7 6 4
140 140 1024 992 9 10 8 11 13 14 12 7 15
160 140 1024 992 15 10 9 11 14 8 13 7 12 4
180 140 1024 992 10 8 13 11 14 9 7 15 12
200 140 1024 992 14 10 8 11 13 15 7 9 12 6
220 140 1024 992 10 8 15 13 14 11 7 12 9
240 140 1024 992 14 8 15 10 11 13 7 12
260 140 1024 992 10 11 8 14 15 13 12 7
280 140 1024 992 15 11 14 8 13 10 12 7
300 140 1024 992 8 13 14 15 11 10
320 140 1024 992 14 15 13 11 8 10
340 140 1024 992 14 13 15 11 8
0 160 1024 992 10 11 9 13 8 7 12
20 160 1024 992 11 10 9 8 13 7 12
40 160 1024 992 10 11 8 9 13 12 7
60 160 1024 992 10 9 11 8 13 7 12
80 160 1024 992 10 11 8 9 13 12 7
100 160 1024 992 10 9 11 8 13 12 7 14
120 160 1024 992 10 9 11 14 8 13 12 7
140 160 1024 992 11 9 10 13 8 12 15 14 7
160 160 1024 992 10 11 9 15 8 13 12 7 14
180 160 1024 992 10 11 13 8 9 15 14 12 7
200 160 1024 992 10 11 15 8 14 13 9 7 12
220 160 1024 992 11 13 8 15 10 14 12 9 7
240 160 1024 992 11 10 14 15 13 8 12 7
260 160 1024 992 11 13 14 15 8 10 12
280 160 1024 992 15 11 14 13 8 10
300 160 1024 992 11 13 15 14 8 10
320 160 1024 992 14 15 11 13 8
340 160 1024 992 14 11 13 15 8
0 180 1024 992 11 10 9 13 12 8
20 180 1024 992 11 10 9 13 12 8
40 180 1024 992 11 10 9 13 12 8
60 180 1024 992 10 9 11 13 8 12
80 180 1024 992 10 11 9 13 12 8
100 180 1024 992 9 10 11 13 12 8 14
120 180 1024 992 9 11 10 14 13 12 8
140 180 1024 992 11 9 10 14 13 12 15
160 180 1024 992 15 11 10 9 13 14 12
180 180 1024 992 11 10 15 13 14 9 12
200 180 1024 992 14 15 13 10 11 12 9
220 180 1024 992 11 15 10 14 13 12
240 180 1024 992 14 15 11 13 10 12
260 180 1024 992 11 14 15 13 10 12
280 180 1024 992 15 11 14 13 10
300 180 1024 992 15 14 13 11 10
320 180 1024 992 14 15 13 11
340 180 1024 992 14 15 11 13
20 200 1024 992 11 10 9 13 12
40 200 1024 992 10 11 13 9 12
60 200 1024 992 10 11 9 12 13
80 200 1024 992 10 11 13 9 12 8
100 200 1024 992 10 11 9 12 13 14
120 200 1024 992 10 14 11 9 12 13 8
140 200 1024 992 10 11 14 9 12 15 13
160 200 1024 992 10 15 11 14 13 12 9
180 200 1024 992 10 14 15 11 13 12 9
200 200 1024 992 10 15 14 11 13 12 9
220 200 1024 992 11 15 10 13 14 12
240 200 1024 992 14 15 11 12 13 10
260 200 1024 992 11 14 15 13 12 10
280 200 1024 992 15 14 11 13
300 200 1024 992 14 15 13 11 10
40 220 1024 992 13 10 11 12 9
60 220 1024 992 13 10 11 9 12
80 220 1024 992 13 10 9 11 12
100 220 1024 992 13 10 9 11 12 14
120 220 1024 992 14 10 13 11 9 12
140 220 1024 992 13 14 10 11 12 9 15
160 220 1024 992 15 13 10 14 11 12
180 220 1024 992 13 15 10 11 14 12
200 220 1024 992 15 13 14 10 12
220 220 1024 992 15 13 11 10 12 14
240 220 1024 992 15 13 14 11 10 12
260 220 1024 992 15 13 11 14 10 12
220 240 1024 992 11 15 13 12 10 14
240 240 1024 992 11 15 12 14 13 10
0 0 1024 992 10 11 9 8 13 12 6 7 4 5
20 0 1024 992 10 9 11 13 8 12 7 5 6
40 0 1024 992 10 11 9 13 8 12 6 7 4 5
60 0 1024 992 10 11 9 13 8 12 7 5 6
80 0 1024 992 11 10 9 12 8 13 14 6 7 4 5
100 0 1024 992 10 9 14 11 13 8 12 7 5 6
120 0 1024 992 9 11 10 14 15 13 12 8 6 7 5 4
140 0 1024 992 10 9 11 14 13 8 15 12 7 5 6
160 0 1024 992 10 11 9 14 13 8 15 12 6 7 5 4
180 0 1024 992 10 14 11 13 8 9 15 12 7 5 6
200 0 1024 992 11 14 10 13 8 15 12 9 6 7 5
220 0 1024 992 14 11 10 13 8 15 9 12 7 6 5
240 0 1024 992 14 11 10 8 13 15 12 7 9 6
260 0 1024 992 10 14 11 13 8 15 12 7 6
280 0 1024 992 14 10 11 13 8 15 7 12
300 0 1024 992 14 13 10 11 8 15 7
320 0 1024 992 14 13 15 11 8 10
340 0 1024 992 14 13 15 11 8
0 20 1024 992 10 11 13 9 12 8 6 4 7 5
20 20 1024 992 10 11 9 13 12 6 5 4 8 7
40 20 1024 992 10 11 13 9 12 8 6 4 7 5
60 20 1024 992 10 11 9 13 12 6 8 4 5 7 14
80 20 1024 992 10 11 14 13 9 12 8 6 4 7 5
100 20 1024 992 10 14 9 11 13 12 6 8 5 4 15 7
120 20 1024 992 14 10 11 9 15 13 12 8 6 4 7 5
140 20 1024 992 10 14 11 15 9 13 12 6 8 4 5 7
160 20 1024 992 14 10 11 13 15 9 12 8 6 4 5 7
180 20 1024 992 10 15 14 11 13 12 9 6 8 5 7 4
200 20 1024 992 14 10 11 13 15 12 8 9 6 4 7 5
220 20 1024 992 10 14 15 11 13 12 9 6 8 7 5
240 20 1024 992 14 10 11 13 15 12 8 6 7
260 20 1024 992 10 14 11 15 13 12 6 7 8
280 20 1024 992 14 10 11 13 15 8 6 7
300 20 1024 992 14 15 11 13 10 7 6
320 20 1024 992 14 13 11 15 10 8
340 20 1024 992 14 15 11 13 8
0 40 1024 992 10 11 9 13 12 8 7 6 4 5
20 40 1024 992 11 10 9 13 8 12 6 7 4
40 40 1024 992 10 11 9 13 12 8 6 7 4 5
60 40 1024 992 11 10 9 13 8 12 6 7 4
80 40 1024 992 10 11 9 13 14 12 8 7 6 4 5
100 40 1024 992 11 10 9 14 13 12 8 6 7 4
120 40 1024 992 10 11 14 9 13 15 12 8 7 6 4 5
140 40 1024 992 11 10 14 9 13 15 8 12 7 6 5 4
160 40 1024 992 10 11 14 13 9 15 12 8 7 6 4 5
180 40 1024 992 11 10 14 13 15 8 9 12 7 6 4
200 40 1024 992 11 10 14 13 15 12 8 9 7 6 5 4
220 40 1024 992 11 14 10 13 15 8 9 12 7 6 5
240 40 1024 992 11 14 10 13 15 12 8 7 6 9
260 40 1024 992 11 14 10 13 8 15 12 7 6
280 40 1024 992 11 14 10 13 15 8 7 12 6
300 40 1024 992 14 10 11 13 8 15 7
320 40 1024 992 14 11 13 15 10 8
340 40 1024 992 14 13 11 15 8
0 60 1024 992 10 13 9 11 8 12 7 4 6 5 2
20 60 1024 992 10 9 11 13 12 8 7 6 4 5
40 60 1024 992 10 13 9 11 8 12 7 4 6 5 2
60 60 1024 992 10 9 13 11 12 8 7 6 14 4 5
80 60 1024 992 10 13 9 14 11 12 8 7 4 6 5
100 60 1024 992 14 10 9 13 11 12 7 8 6 15 4 5
120 60 1024 992 14 10 9 13 11 15 12 8 7 4 6
140 60 1024 992 14 10 9 13 11 15 12 7 8 6 4 5
160 60 1024 992 14 10 13 15 11 9 8 12 7 4 6 2
180 60 1024 992 14 10 15 13 11 9 12 7 8 6
200 60 1024 992 14 13 10 11 15 12 9 8 7 6 4
220 60 1024 992 14 10 15 13 11 12 9 7 6 8
240 60 1024 992 14 13 10 11 15 12 8 7 6 9 4
260 60 1024 992 14 10 15 11 13 12 7 8 6
280 60 1024 992 14 13 10 11 15 8 7 6 12
300 60 1024 992 14 15 13 11 10 7 8
320 60 1024 992 14 13 15 11 10 8
340 60 1024 992 14 15 13 11 8
0 80 1024 992 10 9 11 13 12 8 7 6
20 80 1024 992 10 9 13 11 8 6 12 7
40 80 1024 992 10 9 11 13 12 8 6 7
60 80 1024 992 10 9 13 11 8 6 12 7
80 80 1024 992 10 9 11 14 13 12 8 7 6
100 80 1024 992 10 9 13 14 11 8 12 6 7
120 80 1024 992 10 9 14 11 15 13 12 8 7 6
140 80 1024 992 10 9 13 15 14 8 11 12 6 7
160 80 1024 992 10 14 11 9 13 15 12 8 7 6
180 80 1024 992 10 15 13 14 8 11 9 12 6 7
200 80 1024 992 14 10 11 13 15 12 9 8 7 6
220 80 1024 992 14 15 10 13 8 11 9 7 12 6
240 80 1024 992 14 11 10 13 15 12 8 7 9 6
260 80 1024 992 14 13 15 10 11 8 7 12 6
280 80 1024 992 14 11 13 10 15 8 7
300 80 1024 992 14 15 13 10 8 11 7
320 80 1024 992 14 13 15 10 11 8
340 80 1024 992 14 15 13 11 8
0 100 1024 992 10 13 9 11 12 7 6 8 2
20 100 1024 992 10 9 13 11 7 12 6 8
40 100 1024 992 10 13 9 11 12 7 8 6 2
60 100 1024 992 10 9 13 11 12 7 6 8 14
80 100 1024 992 10 14 13 9 11 12 7 8 6
100 100 1024 992 14 10 9 13 11 12 7 6 8
120 100 1024 992 14 10 13 9 11 15 12 7 8 6
140 100 1024 992 14 10 13 11 9 15 12 7 6 8
160 100 1024 992 14 10 13 15 11 9 12 7 6 8
180 100 1024 992 14 10 15 13 11 9 12 7 8 6
200 100 1024 992 14 10 13 11 15 12 7 9 6 8
220 100 1024 992 14 15 10 11 13 7 12 9 8 6
240 100 1024 992 14 10 13 15 11 12 7 8 6
260 100 1024 992 14 10 11 13 15 12 7 8 6
280 100 1024 992 14 13 11 10 15 7 8 6
300 100 1024 992 14 13 15 11 10 8 7
320 100 1024 992 14 13 15 11 10 8
340 100 1024 992 14 15 11 13 8
0 120 1024 992 10 11 9 13 12 8 7 6
20 120 1024 992 10 9 11 8 13 12 7 6
40 120 1024 992 10 11 9 13 12 8 7 6
60 120 1024 992 10 9 11 8 13 12 7 6
80 120 1024 992 10 14 11 9 12 13 8 7 6
100 120 1024 992 10 14 9 11 12 8 13 7 6
120 120 1024 992 10 14 9 11 12 15 13 8 7 6
140 120 1024 992 10 14 9 15 11 8 13 12 7 6
160 120 1024 992 10 14 11 13 8 15 9 12 7 6
180 120 1024 992 14 10 15 11 13 8 12 7 9 6
200 120 1024 992 10 14 11 13 15 8 12 7 9 6
220 120 1024 992 14 10 15 11 8 13 12 7 9 6
240 120 1024 992 14 10 11 15 13 8 12 7 6
260 120 1024 992 14 10 15 11 8 13 7 12
280 120 1024 992 14 10 11 13 15 8 7 12
300 120 1024 992 14 15 11 13 10 8
320 120 1024 992 14 15 13 11 8 10
340 120 1024 992 14 15 13 11 8
0 140 1024 992 10 9 12 13 11 7 8
20 140 1024 992 10 9 13 12 11 8 7
40 140 1024 992 10 12 9 13 11 7 8
60 140 1024 992 10 9 13 11 12 7 8 14
80 140 1024 992 10 14 12 9 13 11 7 8
100 140 1024 992 14 10 9 13 12 11 8 7
120 140 1024 992 14 10 9 12 13 15 11 7 8
140 140 1024 992 14 10 13 9 15 11 12 8 7
160 140 1024 992 14 10 13 15 11 12 9 7 8
180 140 1024 992 14 10 15 13 11 8 12 7 9
200 140 1024 992 14 10 13 11 15 12 8 7 9
220 140 1024 992 14 10 13 15 11 8 12 7 9
240 140 1024 992 14 10 13 15 11 12 8 7
260 140 1024 992 14 10 13 15 11 8 12 7
280 140 1024 992 14 13 11 15 10 8 7 12
300 140 1024 992 14 13 15 11 10 8
320 140 1024 992 14 15 13 11 10 8
340 140 1024 992 14 15 13 11 8
0 160 1024 992 10 11 9 8 12 13 7
20 160 1024 992 10 11 9 12 8 13 7
40 160 1024 992 11 10 12 8 13 9 7
60 160 1024 992 10 11 12 9 8 13 7
80 160 1024 992 10 11 12 14 9 8 13 7
100 160 1024 992 10 11 12 9 14 8 13 7
120 160 1024 992 10 11 14 15 9 12 13 8 7
140 160 1024 992 15 10 9 11 12 8 14 13 7
160 160 1024 992 10 15 11 14 13 12 8 9 7
180 160 1024 992 15 10 11 8 14 12 13 9 7
200 160 1024 992 10 15 11 14 13 12 8 7 9
220 160 1024 992 15 10 11 14 12 8 13 7
240 160 1024 992 15 11 10 14 13 12 8 7
260 160 1024 992 15 14 10 11 13 8 12
280 160 1024 992 15 14 11 13 10 8 12
300 160 1024 992 15 14 11 13 10
320 160 1024 992 14 15 13 11 8
340 160 1024 992 15 14 13 11
0 180 1024 992 11 10 12 9 13 8
20 180 1024 992 10 11 9 13 12
40 180 1024 992 10 11 12 9 13 8
60 180 1024 992 10 11 13 9 12 14
80 180 1024 992 14 12 11 10 9 13
100 180 1024 992 14 10 13 11 9 12 15
120 180 1024 992 14 11 9 12 15 10 13 8
140 180 1024 992 10 13 15 11 14 12 9
160 180 1024 992 15 14 13 11 10 12 9
180 180 1024 992 15 13 10 11 14 12 9
200 180 1024 992 14 15 11 13 12 10 8
220 180 1024 992 15 13 11 14 10 12
240 180 1024 992 14 15 11 13 12 10
260 180 1024 992 15 13 14 11 10 12
280 180 1024 992 14 11 15 13 10
300 180 1024 992 15 14 13 11 10
320 180 1024 992 14 15 11 13
340 180 1024 992 14 15 11 13
0 200 1024 992 11 10 12 13 9 8
20 200 1024 992 11 10 12 9 13
40 200 1024 992 11 10 12 13 9 8
60 200 1024 992 11 10 12 9 13
80 200 1024 992 11 10 14 12 13 9 8
100 200 1024 992 14 11 10 12 9 13
120 200 1024 992 14 11 15 10 12 9 13 8
140 200 1024 992 15 10 11 12 14 13 9
160 200 1024 992 10 14 15 11 13 12 9
180 200 1024 992 15 10 12 14 11 13
200 200 1024 992 15 14 11 10 12 13
220 200 1024 992 15 11 12 10 14 13
240 200 1024 992 15 14 11 12 13 10
260 200 1024 992 15 11 14 10 12 13
280 200 1024 992 14 11 15 13 10 12
300 200 1024 992 15 14 11 13 10
40 220 1024 992 10 11 12 13 9
60 220 1024 992 10 9 13 11 12
80 220 1024 992 14 12 10 9 11 13 8
100 220 1024 992 14 10 9 12 11 13
120 220 1024 992 14 15 9 12 10 11 13
140 220 1024 992 10 15 14 12 11 13 9
160 220 1024 992 14 15 10 13 11 12
180 220 1024 992 15 10 14 13 12 11
200 220 1024 992 14 15 10 13 11 12
220 220 1024 992 15 14 11 10 13 12
240 220 1024 992 14 15 10 11 13 12
260 220 1024 992 15 14 11 13 10 12
200 240 1024 992 15 11 13 10 14 12
220 240 1024 992 15 11 13 10 12 14
240 240 1024 992 11 15 14 13 10 12
0 0 1024 992 10 9 13 11 8 12 6 7 5
20 0 1024 992 10 9 13 11 6 8 7 12 5
40 0 1024 992 10 9 13 11 8 12 14 6 7 4
60 0 1024 992 10 14 9 13 11 8 12 6 7 4 5
80 0 1024 992 9 10 14 13 11 12 8 15 6 7
100 0 1024 992 10 14 9 13 15 11 12 8 6 7
120 0 1024 992 10 9 14 13 15 11 12 8 7 6
140 0 1024 992 15 14 10 13 9 11 12 8 7 6
160 0 1024 992 15 14 13 10 9 11 12 8 7 6
180 0 1024 992 14 15 13 11 10 9 12 8 7 6
200 0 1024 992 15 14 13 11 10 12 8 6 9 7 5
220 0 1024 992 14 15 10 13 11 12 9 8 6 7
240 0 1024 992 15 14 13 10 11 12 8 6 7 9
260 0 1024 992 14 15 10 13 11 8 12 6 7
280 0 1024 992 15 14 13 10 11 8 6 7
300 0 1024 992 14 15 13 11 10 8
320 0 1024 992 15 14 13 11 8 10
340 0 1024 992 14 15 11 13 8
0 20 1024 992 8 9 10 11 13 6 7 12 5
20 20 1024 992 11 10 9 13 8 6 7 12
40 20 1024 992 8 10 11 9 13 7 6 14 12
60 20 1024 992 10 14 11 9 13 8 7 6 12
80 20 1024 992 9 11 10 14 8 13 12 15 6 7
100 20 1024 992 14 9 10 11 13 15 8 12 6 7
120 20 1024 992 9 14 11 10 13 8 12 15 6 7
140 20 1024 992 14 9 10 11 15 13 8 12 6 7
160 20 1024 992 14 11 9 8 10 13 15 12 7 6
180 20 1024 992 14 11 15 8 10 13 9 12 7 6
200 20 1024 992 14 11 13 15 8 10 6 12 7 9
220 20 1024 992 14 8 11 15 13 10 12 6 9 7
240 20 1024 992 14 11 8 13 15 10 12 6 7
260 20 1024 992 14 8 15 10 11 13 6 7 12
280 20 1024 992 14 11 13 15 10 8 7 6 12
300 20 1024 992 14 15 8 13 11 10 7
320 20 1024 992 14 15 13 11 8 10
340 20 1024 992 14 15 13 8 11
0 40 1024 992 10 13 9 11 12 6 8 7
20 40 1024 992 10 9 13 11 6 7 12 8
40 40 1024 992 9 10 13 11 8 12 14 6 7 5
60 40 1024 992 14 9 10 13 11 6 12 7 8
80 40 1024 992 14 9 10 13 11 15 12 6 7 8
100 40 1024 992 14 9 10 13 15 11 12 6 8 7
120 40 1024 992 14 9 15 13 10 11 12 8 6 7
140 40 1024 992 14 15 9 13 10 11 12 8 6 7
160 40 1024 992 15 14 13 9 11 10 12 8 7
180 40 1024 992 14 15 13 10 12 9 11 8 7 6
200 40 1024 992 14 15 13 11 10 12 6 9 7 8
220 40 1024 992 14 15 13 10 11 9 12 6 7 8
240 40 1024 992 14 15 13 10 11 12 8 6 7
260 40 1024 992 14 15 10 13 11 6 8 12 7
280 40 1024 992 14 15 13 11 10 8 6 7 12
300 40 1024 992 14 15 13 11 10 8
320 40 1024 992 14 15 13 11 10
340 40 1024 992 14 15 13 11
0 60 1024 992 10 9 11 6 8 12 13 5 7
20 60 1024 992 10 9 13 11 6 12 8 7 5
40 60 1024 992 9 10 11 8 6 12 13 14 5 7
60 60 1024 992 10 14 9 13 11 6 12 8 7
80 60 1024 992 9 10 14 11 12 13 8 6 15 7
100 60 1024 992 14 9 10 15 11 13 12 7 8 6
120 60 1024 992 9 10 11 14 12 15 13 7 8 6
140 60 1024 992 14 10 9 11 15 13 12 7 6 8 5
160 60 1024 992 14 15 9 11 10 13 7 12 8
180 60 1024 992 14 15 10 11 13 9 7 12 6 8
200 60 1024 992 15 14 11 10 13 12 6 9 7 8
220 60 1024 992 14 15 10 13 11 7 12 6 9 8
240 60 1024 992 14 15 10 11 13 8 12 7 6
260 60 1024 992 14 10 15 11 8 13 6 12 7
280 60 1024 992 14 15 11 10 13 6 8 7 12
300 60 1024 992 14 15 13 8 10 11 6 7
320 60 1024 992 14 15 11 13 8 10
340 60 1024 992 14 15 13 11 8
0 80 1024 992 10 9 13 11 12 8 4 5 7 6
20 80 1024 992 10 9 13 12 8 11 7 4 6 5
40 80 1024 992 10 9 13 12 11 8 14 4 6 5 7
60 80 1024 992 10 14 9 12 8 13 11 6 7
80 80 1024 992 14 9 10 13 12 8 11 15 7 6 4 5
100 80 1024 992 10 9 14 13 12 15 8 11 7
120 80 1024 992 14 9 10 13 15 12 11 8 7
140 80 1024 992 10 9 14 15 13 12 8 11 7
160 80 1024 992 14 15 9 13 10 12 11 8 7 4
180 80 1024 992 14 15 10 9 13 12 8 7 11 4
200 80 1024 992 14 15 13 10 11 12 9 8 7 6 4 5
220 80 1024 992 14 15 10 13 12 8 9 7 11 6
240 80 1024 992 14 15 13 10 12 8 11 7 9
260 80 1024 992 14 15 10 13 8 11 12 7 6
280 80 1024 992 14 15 13 10 8 11 7
300 80 1024 992 14 15 8 13 10 11
320 80 1024 992 14 15 13 8 11 10
340 80 1024 992 14 15 13 11 8
0 100 1024 992 10 9 8 12 11 13 7 6 5
20 100 1024 992 10 9 11 13 8 12 7 6 5
40 100 1024 992 10 9 8 12 11 13 7 14 6
60 100 1024 992 10 14 9 8 13 11 12 7 6 4
80 100 1024 992 10 9 14 8 12 11 13 15 7 6 4
100 100 1024 992 14 10 8 9 13 11 15 12 7 6
120 100 1024 992 10 8 14 9 11 12 15 13 7 6 4
140 100 1024 992 14 10 9 11 15 13 8 12 7 6 4
160 100 1024 992 14 15 10 11 9 8 13 12 7 6
180 100 1024 992 14 11 15 13 10 8 9 12 7 6
200 100 1024 992 15 14 8 10 11 12 13 9 6 7 5
220 100 1024 992 14 8 10 13 11 15 12 9 7 6
240 100 1024 992 14 8 15 10 11 13 12 7 6 9
260 100 1024 992 14 10 8 13 15 11 12 7 6
280 100 1024 992 14 15 8 10 11 13 7 12
300 100 1024 992 14 8 13 15 11 10 7
320 100 1024 992 14 15 8 13 11 10
340 100 1024 992 14 15 11 13 8
0 120 1024 992 9 10 8 11 13 12 6 7 4
20 120 1024 992 10 8 11 9 13 12 6 7
40 120 1024 992 10 11 8 9 13 12 14 7 6
60 120 1024 992 14 8 9 10 11 13 12 7 6
80 120 1024 992 14 9 8 10 11 13 12 15 7 6
100 120 1024 992 14 9 8 10 12 11 13 15 7 6
120 120 1024 992 14 9 8 11 13 10 12 15 7 6
140 120 1024 992 14 8 9 15 10 13 11 12 6 7
160 120 1024 992 14 11 8 13 9 15 10 12 7
180 120 1024 992 14 8 11 15 13 10 9 12 7
200 120 1024 992 14 13 8 11 15 10 12 9 6 7 4
220 120 1024 992 14 8 11 13 15 10 12 7 6 9
240 120 1024 992 14 8 13 15 10 11 12 7
260 120 1024 992 14 8 15 10 11 13 12 7
280 120 1024 992 14 8 15 13 11 10 12
300 120 1024 992 14 15 8 13 11 10
320 120 1024 992 14 15 13 11 8 10
340 120 1024 992 14 15 11 13 8
0 140 1024 992 10 9 11 8 13 12 7 6
20 140 1024 992 10 13 9 8 11 12 7 6
40 140 1024 992 10 9 11 8 13 12 7 14 6
60 140 1024 992 14 10 9 13 11 12 8 7 6
80 140 1024 992 14 9 10 11 8 13 15 12 7 6
100 140 1024 992 14 10 9 15 13 11 8 12 7 6
120 140 1024 992 14 9 15 11 10 13 8 12 7
140 140 1024 992 14 15 9 10 13 11 8 12 7
160 140 1024 992 14 15 11 13 10 8 9 7 12
180 140 1024 992 14 15 13 11 10 8 7 12 9
200 140 1024 992 14 15 11 13 10 8 12 7 9 6
220 140 1024 992 14 13 15 10 11 8 12 7 9
240 140 1024 992 14 15 13 10 8 11 12 7
260 140 1024 992 14 13 10 15 11 8 7 12
280 140 1024 992 14 15 13 8 10 11 12 7
300 140 1024 992 14 15 13 11 10 8
320 140 1024 992 14 15 13 11 10
340 140 1024 992 14 15 11 13 8
0 160 1024 992 11 10 8 9 13 12 7
20 160 1024 992 10 11 9 8 13 12 7
40 160 1024 992 11 10 9 8 13 14 12 7
60 160 1024 992 10 9 11 14 13 8 12 7
80 160 1024 992 9 10 14 11 13 8 15 12 7
100 160 1024 992 9 11 10 15 14 8 13 12 7
120 160 1024 992 11 9 10 13 14 8 15 12 7
140 160 1024 992 9 15 11 13 10 14 8 12 7
160 160 1024 992 14 11 13 15 9 10 8 12 7
180 160 1024 992 14 15 13 10 11 8 9 12 7
200 160 1024 992 14 15 13 11 10 8 12 7
220 160 1024 992 14 13 15 8 10 11 12 7
240 160 1024 992 14 13 15 10 8 11 12
260 160 1024 992 14 15 10 13 8 11 12
280 160 1024 992 14 15 13 10 11 8 12
300 160 1024 992 14 15 13 10 11 8
320 160 1024 992 14 15 13 11 8
340 160 1024 992 14 15 13 11
0 180 1024 992 10 13 11 9 12 8 7
20 180 1024 992 10 9 11 13 12 8
40 180 1024 992 10 11 13 9 12 14 8 7
60 180 1024 992 14 10 11 13 9 12 8
80 180 1024 992 10 14 9 13 11 12 15 8
100 180 1024 992 15 14 10 9 13 12 11 7 8
120 180 1024 992 15 13 10 11 14 9 12 8
140 180 1024 992 15 14 10 13 9 12 11 7 8
160 180 1024 992 15 13 14 11 10 9 12 8 7
180 180 1024 992 15 14 13 12 10 9 11
200 180 1024 992 15 13 14 12 11 10 8
220 180 1024 992 15 14 13 10 12 11 8
240 180 1024 992 15 14 13 12 10 11 8
260 180 1024 992 15 14 13 10 11 12 8
280 180 1024 992 15 14 13 11 10 8
300 180 1024 992 14 15 13 11 10 8
320 180 1024 992 15 14 13 11
340 180 1024 992 14 15 11 13
0 200 1024 992 10 11 9 13 8 12
20 200 1024 992 10 11 13 9 12
40 200 1024 992 10 11 13 9 8 12 14
60 200 1024 992 10 11 14 13 9 8 12
80 200 1024 992 11 10 13 14 15 9 8 12
100 200 1024 992 13 11 14 15 10 9 12 8
120 200 1024 992 11 10 13 9 12 8 15 14
140 200 1024 992 14 15 11 13 10 9 12 8
160 200 1024 992 14 11 13 15 10 12 8 9
180 200 1024 992 14 13 15 11 12 10 8 9
200 200 1024 992 14 13 11 15 10 12 8
220 200 1024 992 14 15 11 13 12 10 8
240 200 1024 992 14 11 13 15 10 12 8
260 200 1024 992 14 13 15 10 11 8 12
280 200 1024 992 14 13 15 11 10 12 8
300 200 1024 992 15 14 13 11 8 10
20 220 1024 992 10 11 13 9 12
40 220 1024 992 10 11 9 13 14 12 8
60 220 1024 992 14 11 10 9 13 12
80 220 1024 992 14 11 10 9 15 13 12
100 220 1024 992 14 15 10 11 12 13 9 8
120 220 1024 992 15 14 11 10 12 9 13 8
140 220 1024 992 15 11 14 10 12 13 9
160 220 1024 992 15 14 11 10 13 12
180 220 1024 992 15 14 12 10 11 13
200 220 1024 992 14 15 11 12 13 10
220 220 1024 992 14 15 11 12 13 10
240 220 1024 992 15 14 12 11 13 10
260 220 1024 992 15 14 10 11 13 12
180 240 1024 992 13 15 14 10 12 11
200 240 1024 992 15 13 14 11 10 12
220 240 1024 992 14 15 13 11 10 12
240 240 1024 992 13 15 14 11 10 12
0 0 1024 992 9 10 13 11 12 7 6 8
20 0 1024 992 9 10 14 11 6 12 13 8 7
40 0 1024 992 14 10 9 13 11 6 12 8 7
60 0 1024 992 9 14 10 15 11 12 13 6 8 7
80 0 1024 992 14 9 10 13 12 15 11 6 8 7
100 0 1024 992 10 9 14 15 11 12 13 6 7 8
120 0 1024 992 14 15 10 9 13 11 12 8 7 6
140 0 1024 992 14 9 10 11 15 13 12 6 7 8
160 0 1024 992 14 10 15 9 13 11 6 8 7 12
180 0 1024 992 14 10 11 9 13 15 6 12 8 7
200 0 1024 992 14 10 13 9 15 11 8 6 12 7
220 0 1024 992 14 11 13 10 15 12 6 8 9 7
240 0 1024 992 14 10 11 15 12 13 8 6 7 9
260 0 1024 992 14 15 13 10 11 7 12 8
280 0 1024 992 14 15 10 11 13 8 7 6 12
300 0 1024 992 14 15 13 10 11 7 6 8
320 0 1024 992 14 15 11 13 10 8
340 0 1024 992 14 15 13 11
0 20 1024 992 9 13 10 12 8 11 7
20 20 1024 992 14 9 13 10 12 11 6 8 7 5
40 20 1024 992 9 14 10 13 12 11 8 6 7 5 15
60 20 1024 992 14 9 13 15 12 10 6 11 8 7 5
80 20 1024 992 14 9 12 15 13 10 11 8 6 7
100 20 1024 992 14 9 13 12 15 10 11 6 8 7
120 20 1024 992 15 9 14 12 13 11 10 8 7 6 5
140 20 1024 992 15 14 9 13 10 11 12 7 8 6
160 20 1024 992 15 14 13 10 9 11 12 8 6 7 5
180 20 1024 992 15 14 13 10 9 12 11 6 7 8
200 20 1024 992 15 14 13 12 11 10 9 6 8 7
220 20 1024 992 14 15 13 12 11 10 6 8 9 7
240 20 1024 992 14 15 13 12 11 10 7 8 6 9
260 20 1024 992 14 15 13 10 11 8 7 12
280 20 1024 992 14 15 13 10 11 8 7 6
300 20 1024 992 15 14 13 10 11 8 7
320 20 1024 992 14 15 13 11 10 8
340 20 1024 992 14 15 13 11
0 40 1024 992 9 11 10 12 13 7 8
20 40 1024 992 14 9 10 11 12 13 6 7 8
40 40 1024 992 14 9 10 12 13 11 7 6 8
60 40 1024 992 14 9 10 12 11 15 13 6 8 7
80 40 1024 992 14 9 12 10 11 13 15 6 8 7
100 40 1024 992 14 9 10 12 11 15 13 7 8 6
120 40 1024 992 14 9 15 12 10 11 13 8 7 6
140 40 1024 992 14 9 10 11 15 13 12 7 6 8
160 40 1024 992 14 15 10 13 11 9 12 7 6 8
180 40 1024 992 14 10 15 11 13 9 12 8 6 7
200 40 1024 992 14 15 10 13 11 12 9 8 6 7
220 40 1024 992 14 15 11 10 13 12 8 7 9 6
240 40 1024 992 14 15 10 11 13 8 12 7
260 40 1024 992 14 15 11 13 10 7 12 8
280 40 1024 992 14 15 10 11 13 8 7 12 6
300 40 1024 992 14 15 13 11 10 7 8
320 40 1024 992 14 15 13 11 8 10
340 40 1024 992 14 15 13 11 8
0 60 1024 992 9 10 11 13 12 8 6 7 14
20 60 1024 992 11 13 10 9 14 12 6 8 7
40 60 1024 992 14 9 10 13 11 12 6 8 15 7
60 60 1024 992 14 10 9 13 15 12 11 6 7 8
80 60 1024 992 14 10 9 12 15 13 11 6 8 7
100 60 1024 992 14 9 10 12 13 15 11 6 7 8
120 60 1024 992 14 15 9 13 10 11 12 8 6 7
140 60 1024 992 14 13 10 9 15 11 12 6 8 7
160 60 1024 992 14 10 15 11 13 9 6 12 8 7 4
180 60 1024 992 14 15 10 13 11 9 12 6 8 7
200 60 1024 992 14 10 11 15 13 12 9 8 6 7
220 60 1024 992 14 15 13 10 11 12 6 8 7 9
240 60 1024 992 15 14 10 8 11 13 12 6 7 9
260 60 1024 992 14 15 13 10 11 8 12 7 6
280 60 1024 992 15 14 13 10 11 8 6 7 12
300 60 1024 992 14 15 13 10 8 11 7 6
320 60 1024 992 14 15 13 11 8
340 60 1024 992 14 15 13 8 11
0 80 1024 992 10 9 11 13 12 7 8
20 80 1024 992 14 10 9 13 11 12 6 7 8
40 80 1024 992 14 10 9 13 12 11 6 8 7
60 80 1024 992 14 9 10 13 12 15 11 6 8 7
80 80 1024 992 14 12 9 10 13 15 11 6 8 7
100 80 1024 992 14 9 13 10 12 15 11 7 8
120 80 1024 992 14 15 13 12 9 10 11 8 7 6
140 80 1024 992 14 13 15 9 10 11 12 7 6 8
160 80 1024 992 14 15 10 13 9 12 11 6 8 7 5
180 80 1024 992 14 15 13 10 12 11 9 6 8 7
200 80 1024 992 14 10 13 15 11 12 9 8 6 7
220 80 1024 992 14 13 15 10 11 12 8 6 9 7
240 80 1024 992 14 10 15 11 13 12 8 7
260 80 1024 992 14 15 13 10 11 12 8 7
280 80 1024 992 14 15 13 11 10 8 12
300 80 1024 992 14 15 13 10 11 8 7
320 80 1024 992 14 15 13 10 8 11
340 80 1024 992 14 15 13 11 8
0 100 1024 992 11 9 10 13 12 8 7
20 100 1024 992 10 14 9 11 12 13 8 6 7
40 100 1024 992 14 9 10 11 13 12 8 6 7 15 5
60 100 1024 992 14 9 10 12 15 13 11 8 6 5 7
80 100 1024 992 14 9 10 15 12 11 13 8 6 7
100 100 1024 992 9 14 12 15 13 10 11 7 8
120 100 1024 992 14 9 15 11 10 8 13 12 7 6
140 100 1024 992 14 10 11 9 13 15 12 7 8 4
160 100 1024 992 14 10 15 11 9 8 13 6 7 12
180 100 1024 992 14 10 13 15 11 9 8 12 6 7
200 100 1024 992 14 11 10 15 8 13 6 12 9 7 5
220 100 1024 992 14 11 15 13 10 8 12 7 6
240 100 1024 992 14 8 11 15 10 13 12 7
260 100 1024 992 14 11 15 13 8 10 7 12 6
280 100 1024 992 14 15 11 8 10 13 12 7 6
300 100 1024 992 14 15 11 13 10 8 7
320 100 1024 992 14 15 13 11 8 10
340 100 1024 992 14 15 13 11 8
0 120 1024 992 9 13 10 8 11 12 7 14
20 120 1024 992 10 14 13 11 9 8 12 7 6 5
40 120 1024 992 9 10 14 13 11 8 12 7 6 15 4
60 120 1024 992 14 9 13 10 15 12 11 8 6 7 4
80 120 1024 992 15 9 14 12 10 8 13 11 7 6 4
100 120 1024 992 15 13 14 9 12 11 10 8 7
120 120 1024 992 15 14 9 13 10 12 11 8 7 4
140 120 1024 992 15 13 14 10 9 8 11 12 7 6
160 120 1024 992 15 14 11 10 13 8 9 12 7 6 5
180 120 1024 992 15 13 14 10 8 9 11 12 7 6
200 120 1024 992 15 14 13 8 11 10 12 9 7
220 120 1024 992 15 14 13 8 11 12 10 7 9
240 120 1024 992 14 15 8 11 13 12 10 7
260 120 1024 992 14 15 13 8 11 10 12 7
280 120 1024 992 14 15 13 8 11 10 7 12
300 120 1024 992 15 14 13 11 10 8
320 120 1024 992 14 15 13 11 8
340 120 1024 992 15 14 13 11 8
0 140 1024 992 11 9 10 13 12 8 7
20 140 1024 992 10 11 9 14 8 12 13 6 7
40 140 1024 992 10 9 14 11 13 8 12 7 6
60 140 1024 992 10 9 11 14 8 15 12 13 6 7
80 140 1024 992 14 10 9 11 15 12 13 8 7 6
100 140 1024 992 10 11 9 15 12 14 13 8 7
120 140 1024 992 14 15 9 10 11 8 13 12 7 6
140 140 1024 992 10 11 14 9 15 13 12 8 7
160 140 1024 992 14 10 15 9 11 13 8 7 12 6
180 140 1024 992 10 14 11 8 15 13 9 12 6 7
200 140 1024 992 14 10 11 8 13 15 9 12 6 7
220 140 1024 992 14 11 13 10 8 15 12 7 9
240 140 1024 992 14 11 8 10 15 13 12 7 9
260 140 1024 992 14 15 11 13 8 10 7 12
280 140 1024 992 14 15 11 10 8 13 12 7
300 140 1024 992 14 15 13 11 10 8
320 140 1024 992 14 15 11 13 8
340 140 1024 992 14 15 13 11 8
0 160 1024 992 9 10 13 11 8 12 7
20 160 1024 992 10 14 9 11 13 12 8 7
40 160 1024 992 9 14 10 13 12 11 8 7 15
60 160 1024 992 10 14 9 15 12 13 11 8 7
80 160 1024 992 9 10 14 12 15 8 13 11 7
100 160 1024 992 9 14 10 13 12 15 11 7 8
120 160 1024 992 15 9 10 13 12 8 14 11 7
140 160 1024 992 15 9 10 13 14 11 12 7 8
160 160 1024 992 15 14 10 11 13 9 12 8 7
180 160 1024 992 15 14 13 10 9 12 7 11
200 160 1024 992 15 14 10 11 13 12 8 9 7
220 160 1024 992 14 15 13 8 12 11 10
240 160 1024 992 14 15 11 13 8 10 12
260 160 1024 992 15 14 13 8 10 11 12
280 160 1024 992 14 15 13 11 8 10 12
300 160 1024 992 15 14 13 11 10 8
320 160 1024 992 14 15 13 11 8
340 160 1024 992 15 14 13 11
0 180 1024 992 11 9 12 13 10 8
20 180 1024 992 11 14 12 10 9 13 8 7
40 180 1024 992 14 11 12 10 9 13 8 7
60 180 1024 992 14 9 12 10 15 11 13 8 7
80 180 1024 992 14 12 9 11 10 13 15 8
100 180 1024 992 9 12 11 14 10 15 13
120 180 1024 992 14 15 13 12 9 11 10 8 7
140 180 1024 992 11 14 13 15 10 9 12
160 180 1024 992 14 15 13 10 12 11 9
180 180 1024 992 14 15 12 10 13 11 8 9 7
200 180 1024 992 14 15 10 13 12 11 8 9
220 180 1024 992 14 11 13 15 12 10 8
240 180 1024 992 14 11 15 13 12 10 8
260 180 1024 992 14 15 11 13 12 10 8
280 180 1024 992 14 15 11 13 12 10
300 180 1024 992 14 15 11 13 10
320 180 1024 992 14 15 13 11
340 180 1024 992 14 15 11 13
0 200 1024 992 11 13 12 10 9 8
20 200 1024 992 10 12 11 14 13 9 8
40 200 1024 992 14 11 10 9 12 8 13 15
60 200 1024 992 12 15 10 14 11 9 13 8
80 200 1024 992 11 12 14 15 13 8 9 10
100 200 1024 992 11 14 12 15 9 10 13
120 200 1024 992 15 11 14 12 13 9 8 10
140 200 1024 992 14 15 13 10 11 12 9
160 200 1024 992 13 15 14 11 10 12
180 200 1024 992 14 15 11 13 12 10
200 200 1024 992 13 15 14 11 12 10 8
220 200 1024 992 15 14 13 11 12 8
240 200 1024 992 15 14 11 13 12 10 8
260 200 1024 992 15 14 13 11 12 8
280 200 1024 992 15 14 11 13 12
300 200 1024 992 15 14 13 11
0 220 1024 992 10 11 13 9 12
20 220 1024 992 14 11 10 9 12
40 220 1024 992 14 10 11 9 13 12
60 220 1024 992 14 10 11 12 13 15 9
80 220 1024 992 14 12 10 15 11 9 13
100 220 1024 992 14 11 12 13 15 9 10
120 220 1024 992 14 15 12 11 9 10 13
140 220 1024 992 14 13 10 15 12 9 11
160 220 1024 992 14 15 10 13 12 11
180 220 1024 992 14 15 10 13 12 11
200 220 1024 992 14 11 15 10 13 12
220 220 1024 992 14 15 12 13 11 10
240 220 1024 992 14 15 11 12 10
260 220 1024 992 14 15 11 13 12 10
160 240 1024 992 13 12 10 15 14 11
180 240 1024 992 13 15 14 10 11 12
200 240 1024 992 13 15 14 11 12 10
220 240 1024 992 13 14 11 15 12
240 240 1024 992 14 13 11 15 12 10
0 0 1024 992 9 12 10 11 13 14 8 7
20 0 1024 992 9 14 12 11 13 10 8 15 7
40 0 1024 992 9 14 15 13 10 12 11 8 7 6 4 5
60 0 1024 992 14 9 15 10 12 13 11 8 6 7
80 0 1024 992 15 9 14 12 10 13 11 8 6 7
100 0 1024 992 15 9 14 12 11 10 8 13 7 6
120 0 1024 992 9 15 14 12 13 11 10 8 7
140 0 1024 992 15 14 9 12 11 10 8 13 7 6 4
160 0 1024 992 15 14 13 12 9 10 11 8 6 7
180 0 1024 992 15 14 11 13 10 12 9 8 7
200 0 1024 992 15 14 13 11 8 12 10 9 7
220 0 1024 992 15 14 13 11 12 10 8 9 7 6
240 0 1024 992 14 15 10 11 13 12 8 6 7 9
260 0 1024 992 15 14 13 10 11 12 6 8 7
280 0 1024 992 15 14 13 11 8 10 7 12
300 0 1024 992 15 14 13 8 10 11 7
320 0 1024 992 15 14 13 11 8 10
340 0 1024 992 15 14 13 11 8
0 20 1024 992 14 9 10 13 11 8 12 6 7
20 20 1024 992 9 14 10 13 11 8 15 12 6 7 4 5
40 20 1024 992 14 9 10 13 8 12 11 15 6 7
60 20 1024 992 14 9 13 12 10 15 11 8 6 7 4
80 20 1024 992 14 15 9 13 12 10 8 11 7 6
100 20 1024 992 14 9 15 13 12 10 11 8 6 7 4
120 20 1024 992 9 14 13 15 12 10 11 8 6 7
140 20 1024 992 14 9 10 15 13 12 8 11 6 7 5 4
160 20 1024 992 14 13 9 15 12 10 8 11 6 7
180 20 1024 992 14 15 13 8 12 10 9 11 7 6 4
200 20 1024 992 14 13 8 12 15 10 11 9 7 4
220 20 1024 992 14 15 13 10 8 12 11 9 6 7
240 20 1024 992 14 15 13 12 10 11 8 6 7
260 20 1024 992 14 15 13 8 10 11 12 6 7
280 20 1024 992 14 15 13 11 8 10 12 7
300 20 1024 992 14 15 13 8 11 10 7
320 20 1024 992 14 15 13 8 11
340 20 1024 992 14 15 13 11 8
0 40 1024 992 14 9 10 11 12 13 6 8 7
20 40 1024 992 14 9 10 11 13 15 12 7 6 8
40 40 1024 992 14 10 9 15 11 13 6 12 8 7 5
60 40 1024 992 14 10 9 15 12 11 13 6 7 8
80 40 1024 992 14 15 9 10 11 13 12 6 7 8
100 40 1024 992 14 15 9 10 12 11 13 6 7 8
120 40 1024 992 14 9 15 10 11 13 12 6 8 7
140 40 1024 992 14 10 9 15 11 12 6 13 8 7
160 40 1024 992 14 10 15 9 13 11 12 6 8 7
180 40 1024 992 14 15 11 10 9 12 13 6 8 7
200 40 1024 992 14 15 10 11 13 9 12 8 7 6
220 40 1024 992 14 15 10 11 13 6 9 12 8 7
240 40 1024 992 14 15 10 11 13 6 12 7 8 9
260 40 1024 992 14 15 13 11 10 6 8 12 7
280 40 1024 992 14 15 10 13 11 6 8 7 12
300 40 1024 992 14 15 13 11 10 8 7
320 40 1024 992 14 15 11 13
340 40 1024 992 14 15 13 11
0 60 1024 992 9 14 13 10 11 12 8 7
20 60 1024 992 9 14 11 10 13 8 12 7 15 4
40 60 1024 992 14 9 13 15 10 12 11 8 6 7 4 5
60 60 1024 992 9 14 12 10 13 15 11 8 6 7 5
80 60 1024 992 14 9 13 12 10 15 11 8 6 7
100 60 1024 992 9 14 15 12 10 13 8 11 4 7 6
120 60 1024 992 9 14 13 10 12 8 15 11 7 4
140 60 1024 992 14 9 15 10 12 13 11 8 4 6 5 7
160 60 1024 992 14 13 10 12 9 15 8 11 6 7
180 60 1024 992 14 13 15 11 10 12 9 8 7 4
200 60 1024 992 15 14 13 8 11 12 10 9 7 4
220 60 1024 992 14 15 13 10 11 12 8 9 7 6
240 60 1024 992 14 10 13 12 8 11 9 7 6
260 60 1024 992 14 15 13 10 8 11 12 6 7
280 60 1024 992 14 15 13 8 10 11 12 7
300 60 1024 992 14 13 15 8 10 11 7
320 60 1024 992 14 15 13 11 10 8
340 60 1024 992 14 15 13 11 8
0 80 1024 992 9 14 10 11 13 7 6 12 8
20 80 1024 992 9 10 14 13 11 8 15 12 7
40 80 1024 992 10 9 14 11 13 15 8 12 6 7
60 80 1024 992 14 9 13 10 12 15 8 11 7 6
80 80 1024 992 14 15 9 10 13 12 11 7 8 6
100 80 1024 992 14 9 15 13 10 8 12 11 7 6
120 80 1024 992 9 14 15 10 11 13 12 8 7
140 80 1024 992 14 9 10 15 12 13 8 11 6 7
160 80 1024 992 14 9 15 13 10 12 8 11 7 6
180 80 1024 992 14 10 11 13 15 9 8 12 6 7
200 80 1024 992 14 13 10 11 8 15 9 12 7
220 80 1024 992 14 10 11 15 13 8 9 7 6 12
240 80 1024 992 14 10 15 13 8 11 12 7 6 9
260 80 1024 992 14 15 13 11 10 8 12 7 6
280 80 1024 992 14 15 8 13 10 11 12 7
300 80 1024 992 14 15 8 13 11 10 7
320 80 1024 992 14 15 13 8 11
340 80 1024 992 14 15 13 11 8
0 100 1024 992 14 9 10 11 13 12 6 8 7
20 100 1024 992 14 9 10 13 11 8 15 12 7 6
40 100 1024 992 14 10 15 13 9 11 12 6 8 7
60 100 1024 992 14 10 15 13 9 12 11 8 6 7
80 100 1024 992 14 15 13 9 10 12 11 6 8 7 15
100 100 1024 992 15 14 12 13 9 10 11 8 6 7
120 100 1024 992 14 15 13 9 10 11 12 8 7 6
140 100 1024 992 15 14 10 9 11 12 13 6 8 7
160 100 1024 992 14 15 13 10 11 12 9 8 6 7
180 100 1024 992 15 14 13 10 11 12 9 6 8 7
200 100 1024 992 14 15 10 13 11 8 12 7 9 6
220 100 1024 992 14 15 13 10 11 8 12 7 6 9
240 100 1024 992 14 15 10 13 12 11 8 6 7
260 100 1024 992 14 15 13 11 10 12 8 6 7
280 100 1024 992 14 15 13 11 8 10 12 6
300 100 1024 992 14 15 13 8 11 10
320 100 1024 992 15 14 11 13 8
340 100 1024 992 14 15 13 11 8
0 120 1024 992 9 14 10 11 8 12 13 7
20 120 1024 992 9 14 10 11 13 12 8 15 7 4
40 120 1024 992 14 9 10 13 12 15 11 8 7 4 6
60 120 1024 992 10 9 14 13 12 11 15 8 6 7 4
80 120 1024 992 15 10 14 9 12 13 11 8 7 4
100 120 1024 992 14 9 15 11 10 12 13 8 7 4
120 120 1024 992 9 15 10 14 12 13 11 8 7 4
140 120 1024 992 14 10 15 12 9 13 11 8 7 4
160 120 1024 992 15 13 12 10 11 9 14 8 6 7
180 120 1024 992 14 8 15 11 13 10 12 9 7 4
200 120 1024 992 14 11 13 10 15 8 12 7 9 4
220 120 1024 992 14 15 13 11 10 8 12 7
240 120 1024 992 14 10 15 13 11 12 8 7
260 120 1024 992 14 15 13 10 8 11 12 7
280 120 1024 992 14 15 13 11 8 10 12 7
300 120 1024 992 15 14 13 11 10 8
320 120 1024 992 14 15 13 11 10 8
340 120 1024 992 14 15 13 11
0 140 1024 992 9 14 11 8 10 13 12 7
20 140 1024 992 14 9 11 10 8 13 12 15 7
40 140 1024 992 10 9 14 12 11 15 13 8 7 6
60 140 1024 992 14 12 10 15 8 9 13 11 7 6
80 140 1024 992 15 14 12 9 13 8 10 11 7
100 140 1024 992 15 14 9 8 12 11 13 10 7
120 140 1024 992 14 9 15 10 13 12 11 8 7
140 140 1024 992 14 15 10 9 12 8 11 13 7 6
160 140 1024 992 14 15 10 8 12 13 9 11 7
180 140 1024 992 14 15 8 13 11 10 12 7 9
200 140 1024 992 14 15 8 11 13 10 12 7 9
220 140 1024 992 15 14 10 11 8 13 12 9 7
240 140 1024 992 15 14 10 11 12 13 8 7
260 140 1024 992 15 14 13 8 11 10 12 7
280 140 1024 992 14 15 8 11 13 10 12
300 140 1024 992 14 15 13 11 8 10
320 140 1024 992 15 14 13 11
340 140 1024 992 14 15 13 11 8
0 160 1024 992 14 9 11 13 10 12 7 8
20 160 1024 992 14 11 10 9 13 8 12 15 7
40 160 1024 992 14 10 9 13 11 15 12 8 7
60 160 1024 992 14 10 9 11 13 12 15 8 7
80 160 1024 992 14 13 9 12 15 10 11 8 7
100 160 1024 992 14 15 12 9 10 13 11 8 7
120 160 1024 992 14 13 9 10 12 11 15 8 7
140 160 1024 992 14 10 15 12 11 9 13 8 7
160 160 1024 992 14 13 12 11 10 15 8 9 7
180 160 1024 992 14 15 13 12 11 10 9 7 8
200 160 1024 992 14 11 15 13 10 12 8
220 160 1024 992 14 13 15 11 10 12 8 7
240 160 1024 992 14 15 11 12 13 10 8
260 160 1024 992 14 15 13 11 8 12 10
280 160 1024 992 14 15 11 13 8 10 12
300 160 1024 992 14 15 13 11 8 10
320 160 1024 992 14 15 13 11 8
340 160 1024 992 14 15 11 13
0 180 1024 992 11 10 9 14 13 12
20 180 1024 992 10 9 11 14 13 15 12 8
40 180 1024 992 15 11 10 9 14 12 13
60 180 1024 992 9 10 15 11 12 14 13 8 7
80 180 1024 992 15 9 11 12 10 13 14 8
100 180 1024 992 15 9 14 10 12 11 13 8 7
120 180 1024 992 15 9 10 14 12 13 11
140 180 1024 992 10 15 14 12 11 9 13 8
160 180 1024 992 10 15 13 14 11 9 12
180 180 1024 992 11 14 15 10 13 12 9
200 180 1024 992 15 14 10 13 11 12 8 9
220 180 1024 992 15 14 11 10 13 12
240 180 1024 992 15 14 10 13 11 12 8
260 180 1024 992 15 14 11 13 10 12
280 180 1024 992 14 15 13 12 11 8
300 180 1024 992 15 14 13 11 10
320 180 1024 992 15 14 13 11
340 180 1024 992 15 14 13 11
0 200 1024 992 14 13 11 9 10 12 8
20 200 1024 992 14 10 11 9 12 13 8 15
40 200 1024 992 15 10 14 11 13 9 12
60 200 1024 992 14 12 15 10 13 8 9 11
80 200 1024 992 14 15 12 13 11 9 10 8
100 200 1024 992 15 14 12 11 9 8 10 13
120 200 1024 992 14 15 12 13 9 10 8 11
140 200 1024 992 15 14 12 10 13 11 9 8
160 200 1024 992 14 12 15 13 10 8 11
180 200 1024 992 15 14 13 12 10 11
200 200 1024 992 14 15 12 11 13 8 10
220 200 1024 992 14 15 13 11 12 10
240 200 1024 992 14 15 12 10 13 11
260 200 1024 992 14 15 13 12 10 11
280 200 1024 992 15 14 13 11 12 8
300 200 1024 992 14 15 13 11
0 0 1024 992 14 9 15 13 11 12 10 6 8 7
20 0 1024 992 14 9 13 10 15 11 12 8 6 7
40 0 1024 992 14 9 10 13 15 12 11 8 6 7
60 0 1024 992 14 9 15 13 12 10 8 11 6 7
80 0 1024 992 14 9 15 13 11 10 12 8 6 7
100 0 1024 992 14 9 15 13 10 12 11 8 7 6
120 0 1024 992 14 15 9 13 12 10 11 6 8 7
140 0 1024 992 14 15 9 13 12 11 8 6 10 7
160 0 1024 992 14 15 13 9 10 12 11 6 8 7
180 0 1024 992 14 15 13 11 10 9 12 8 7 6
200 0 1024 992 15 14 13 12 9 8 11 10 6 7
220 0 1024 992 14 15 13 11 9 10 8 12 7 6
240 0 1024 992 14 15 13 10 11 8 12 7 9 6
260 0 1024 992 14 15 13 10 11 7 8 12 6
280 0 1024 992 14 15 13 11 8 10 6 7 12
300 0 1024 992 14 15 13 8 11 10
320 0 1024 992 14 15 13 11 8 10
340 0 1024 992 14 15 13 11 8
0 20 1024 992 14 9 10 15 13 12 11 8 7 6
20 20 1024 992 14 9 15 12 11 10 13 8 7
40 20 1024 992 9 14 10 15 11 13 12 8 6 7 5
60 20 1024 992 9 14 15 12 11 10 13 6 7 8
80 20 1024 992 9 14 15 11 13 10 12 7 8 6 5
100 20 1024 992 9 15 14 10 12 11 13 7 8 5
120 20 1024 992 14 15 9 10 12 11 7 6 13 8 5
140 20 1024 992 14 9 15 13 10 12 11 7 6 8
160 20 1024 992 14 15 9 10 13 12 11 7 8
180 20 1024 992 14 15 10 13 9 11 12 7 8 5 6
200 20 1024 992 14 15 10 12 11 13 7 8 9 6
220 20 1024 992 14 15 13 11 10 9 12 8 7 6
240 20 1024 992 14 15 11 10 13 12 7 8 9
260 20 1024 992 14 15 10 11 13 6 7 8 12
280 20 1024 992 14 15 13 10 11 8 6 7 12
300 20 1024 992 14 15 13 11 8 10
320 20 1024 992 14 15 13 11 8
340 20 1024 992 14 15 13 11 8
0 40 1024 992 14 9 13 12 8 11 10 15 6 7
20 40 1024 992 14 9 13 12 15 11 10 8 7 6
40 40 1024 992 14 9 10 13 12 15 11 8 6 7
60 40 1024 992 14 13 9 12 15 10 11 8 7 6
80 40 1024 992 14 9 15 13 10 12 11 8 6 7
100 40 1024 992 9 14 13 12 15 8 10 11 7 6
120 40 1024 992 14 15 9 13 12 10 8 11 6 7
140 40 1024 992 14 9 12 13 15 8 10 11 6 7 4
160 40 1024 992 14 13 15 9 12 10 11 8 7 6
180 40 1024 992 14 13 15 10 9 12 8 11 6 7
200 40 1024 992 14 15 13 12 10 11 8 9 6 7
220 40 1024 992 14 13 9 10 11 12 8 6 7
240 40 1024 992 14 15 13 10 8 12 11 9 7
260 40 1024 992 14 15 13 10 8 11 12 6 7
280 40 1024 992 14 13 15 8 10 11 7 12 6
300 40 1024 992 14 15 13 8 11 10 7
320 40 1024 992 14 15 13 8 11
340 40 1024 992 14 15 13 8 11
0 60 1024 992 9 14 11 13 15 12 10 6 7 8
20 60 1024 992 9 14 10 13 11 12 15 8 7 6
40 60 1024 992 9 10 14 13 15 11 12 6 8 7
60 60 1024 992 14 9 13 12 11 15 10 6 7 8
80 60 1024 992 9 14 13 15 11 10 12 6 8 7
100 60 1024 992 9 14 15 10 13 12 11 8 7 6
120 60 1024 992 14 10 9 15 13 11 12 6 7 8
140 60 1024 992 14 9 13 15 11 12 10 7 6 8
160 60 1024 992 14 9 13 10 15 12 11 7 6 8
180 60 1024 992 14 13 15 10 11 9 12 6 8 7
200 60 1024 992 14 13 15 11 10 12 9 6 7 8
220 60 1024 992 14 15 13 11 9 8 12 10 6 7
240 60 1024 992 14 15 13 10 11 12 8 7 9
260 60 1024 992 14 15 10 13 11 6 8 12 7
280 60 1024 992 14 15 13 10 11 8 12 7 6
300 60 1024 992 14 15 13 11 8 10 12
320 60 1024 992 14 15 13 11 8 10
340 60 1024 992 14 15 13 11 8
0 80 1024 992 14 9 12 10 15 11 13 8 7
20 80 1024 992 14 15 9 10 12 11 13 8 7
40 80 1024 992 14 10 9 12 11 15 13 8 7 6
60 80 1024 992 15 9 14 12 10 13 11 8 7 6
80 80 1024 992 14 9 15 10 12 11 13 7 8
100 80 1024 992 15 9 14 10 12 11 13 8 7
120 80 1024 992 14 15 10 9 12 11 13 7 8 6
140 80 1024 992 14 15 9 12 10 8 13 11 7 6
160 80 1024 992 14 15 13 10 11 9 12 7 8
180 80 1024 992 14 15 10 11 12 13 8 9 7
200 80 1024 992 15 14 10 13 12 11 9 7 8 6
220 80 1024 992 14 15 10 11 12 13 9 8 7
240 80 1024 992 15 14 10 11 13 12 8 9 7
260 80 1024 992 14 15 10 11 13 12 8 7 6
280 80 1024 992 14 15 10 8 11 13 12
300 80 1024 992 14 15 13 11 8 10
320 80 1024 992 14 15 8 13 11
340 80 1024 992 15 14 13 11 8
0 100 1024 992 14 9 15 13 11 10 8 12 6 7
20 100 1024 992 14 9 13 10 15 11 8 12 7 6
40 100 1024 992 14 9 10 13 15 11 8 12 7 6
60 100 1024 992 14 9 15 13 12 10 8 11 6 7
80 100 1024 992 14 9 15 10 13 11 8 12 7 6
100 100 1024 992 14 9 15 10 13 12 11 8 7 6
120 100 1024 992 14 15 9 13 10 12 11 8 6 7
140 100 1024 992 14 15 9 13 11 8 12 10 6 7
160 100 1024 992 14 13 15 10 9 12 8 11 6 7
180 100 1024 992 14 15 13 11 10 8 9 12 7 6
200 100 1024 992 14 15 13 8 12 11 10 7 9 6
220 100 1024 992 14 15 11 13 8 10 9 7 12 6
240 100 1024 992 14 15 13 10 8 11 12 7 6
260 100 1024 992 14 15 13 10 8 11 7 12 6
280 100 1024 992 14 15 13 11 8 10 7 12 6
300 100 1024 992 14 15 13 8 11 10
320 100 1024 992 14 15 13 11 8 10
340 100 1024 992 14 15 13 11 8
0 120 1024 992 14 9 10 13 11 12 15 8 7
20 120 1024 992 14 11 9 10 12 15 13 8 7
40 120 1024 992 10 14 9 11 15 12 13 8 7 6
60 120 1024 992 9 14 15 12 10 11 13 6 8 7
80 120 1024 992 14 9 15 11 10 12 13 8 7 6
100 120 1024 992 9 15 14 10 12 11 13 8 7 4 5
120 120 1024 992 14 15 10 9 12 11 13 8 6 7
140 120 1024 992 14 15 13 9 10 11 12 8 6 7
160 120 1024 992 14 15 10 13 11 12 8 9 7
180 120 1024 992 14 15 10 13 8 11 12 7 9
200 120 1024 992 14 15 10 11 13 12 8 9 7 6
220 120 1024 992 14 15 11 13 10 8 9 12 7
240 120 1024 992 15 14 11 8 13 10 12 7
260 120 1024 992 14 15 10 8 11 13 7 12 6
280 120 1024 992 14 15 13 10 11 8 12
300 120 1024 992 14 15 13 8 11 10
320 120 1024 992 14 15 13 8 11
340 120 1024 992 14 15 13 11 8
0 140 1024 992 14 9 13 10 11 12 8 15 7
20 140 1024 992 14 9 13 12 15 11 8 10 7
40 140 1024 992 9 10 14 12 13 11 15 8 7 6
60 140 1024 992 12 13 15 9 14 10 11 8 7
80 140 1024 992 9 14 10 8 13 11 12 7
100 140 1024 992 9 14 12 13 15 11 10 8 7
120 140 1024 992 14 15 9 10 12 13 8 11 7 6
140 140 1024 992 14 12 9 13 15 10 11 8 7
160 140 1024 992 14 15 13 12 11 8 9 10 7
180 140 1024 992 14 15 13 11 10 8 12 9 7
200 140 1024 992 15 14 13 12 10 11 8 7 9
220 140 1024 992 14 13 8 10 11 12 7 9
240 140 1024 992 14 15 13 10 11 12 8 7
260 140 1024 992 14 15 13 10 8 11 12 7
280 140 1024 992 14 15 13 10 11 8 12
300 140 1024 992 14 15 13 11 8 10
320 140 1024 992 14 15 13 11 8
340 140 1024 992 14 15 13 11
0 160 1024 992 14 11 9 15 13 8 12 10 7
20 160 1024 992 14 9 11 13 12 10 8 15
40 160 1024 992 11 14 10 9 13 15 8 12 7
60 160 1024 992 14 9 12 11 13 10 15 8 7
80 160 1024 992 14 9 15 11 13 8 12 10 7
100 160 1024 992 9 14 15 11 10 13 12 8 7
120 160 1024 992 14 10 15 13 9 12 11 8 7
140 160 1024 992 14 15 13 11 12 10 9 8 7
160 160 1024 992 14 13 10 12 8 15 9 11
180 160 1024 992 14 15 13 8 11 10 12 9
200 160 1024 992 14 13 11 15 8 12 10
220 160 1024 992 14 15 13 11 8 12 10
240 160 1024 992 14 15 11 10 13 8 12
260 160 1024 992 14 15 13 8 11 10 12
280 160 1024 992 14 15 13 11 10 8 12
300 160 1024 992 14 15 13 11 8
320 160 1024 992 14 15 13 11
340 160 1024 992 14 15 13 11
0 180 1024 992 14 12 15 9 10 11 13 8
20 180 1024 992 15 14 12 9 10 11 13 8
40 180 1024 992 10 14 12 11 15 9 13 8 7
60 180 1024 992 15 9 12 14 10 11 13 8
80 180 1024 992 15 14 9 10 12 11 13 8
100 180 1024 992 15 9 14 12 10 8 11 13
120 180 1024 992 15 14 10 12 9 11 13 8
140 180 1024 992 15 14 12 10 13 9 8 11
160 180 1024 992 15 14 12 10 13 11 9
180 180 1024 992 14 15 13 10 12 8 11 9
200 180 1024 992 15 14 12 10 11 13 8
220 180 1024 992 15 14 13 10 12 11 8
240 180 1024 992 15 14 12 13 10 11 8
260 180 1024 992 15 14 11 10 13 12 8
280 180 1024 992 15 14 13 11 12
300 180 1024 992 15 14 13 11 8
320 180 1024 992 14 15 13 11
340 180 1024 992 15 14 13 11
0 0 1024 992 14 9 15 11 13 10 12 6 8 7
20 0 1024 992 15 9 11 10 14 13 8 12 7
40 0 1024 992 15 9 14 11 10 13 12 8 7 6
60 0 1024 992 9 14 15 12 11 13 10 7 6 8
80 0 1024 992 15 14 10 9 12 11 13 8 7 6
100 0 1024 992 15 14 9 11 10 12 13 8 7 6
120 0 1024 992 9 15 14 11 13 12 10 8 7 6
140 0 1024 992 15 14 9 11 10 13 8 12 7 6
160 0 1024 992 14 15 9 10 13 11 12 8 7 6
180 0 1024 992 14 15 11 9 13 12 10 7 6 8
200 0 1024 992 14 15 12 11 10 8 9 13 7
220 0 1024 992 14 15 10 11 13 8 12 9 6 7
240 0 1024 992 15 14 11 13 8 10 12 6 7 9
260 0 1024 992 15 14 10 13 8 11 12 7
280 0 1024 992 15 14 11 13 10 8 12 7 6
300 0 1024 992 14 15 11 13 8 10 6
320 0 1024 992 15 14 13 8 11
340 0 1024 992 15 14 13 11 8
0 20 1024 992 9 14 13 10 12 15 11 6 8 7
20 20 1024 992 9 14 10 15 12 13 11 8 6
40 20 1024 992 9 14 15 12 10 13 11 6 7 8
60 20 1024 992 9 14 12 15 10 11 13 6 7 8
80 20 1024 992 14 9 15 10 12 13 11 6 8 7
100 20 1024 992 14 9 15 12 13 10 11 7 6 8
120 20 1024 992 9 14 15 12 13 10 11 6 7 8
140 20 1024 992 14 9 15 10 13 12 11 8 6 7
160 20 1024 992 14 9 12 15 10 13 11 6 7 8
180 20 1024 992 14 15 9 12 13 10 11 6 8 7
200 20 1024 992 14 9 12 13 10 11 8 6 7
220 20 1024 992 14 15 10 13 12 9 6 11 8 7
240 20 1024 992 14 15 13 10 12 11 9 6 8 7
260 20 1024 992 14 15 10 13 11 8 12 7 6
280 20 1024 992 14 15 13 10 8 6 7 11 12
300 20 1024 992 14 15 13 8 10 11
320 20 1024 992 14 15 13 11 8 10
340 20 1024 992 14 15 13 8
0 40 1024 992 14 9 13 12 15 11 10 7 6 8
20 40 1024 992 14 15 9 10 13 12 11 7 8
40 40 1024 992 14 9 12 13 15 11 10 8 7 6
60 40 1024 992 14 9 12 15 13 11 7 10 6 8
80 40 1024 992 14 10 9 15 12 13 11 8 7
100 40 1024 992 14 15 9 12 13 10 8 11 7 6
120 40 1024 992 9 14 15 13 12 11 10 7 6 8
140 40 1024 992 14 15 13 9 10 12 11 8 7
160 40 1024 992 14 15 12 9 13 10 11 7 8 6
180 40 1024 992 14 15 13 9 11 12 7 8 10 6
200 40 1024 992 14 15 13 10 12 11 9 7 8
220 40 1024 992 14 15 10 13 8 11 12 9 7 6
240 40 1024 992 14 15 13 12 11 8 10 7 6 9
260 40 1024 992 14 15 13 10 11 12 8 7
280 40 1024 992 14 15 13 8 11 10 7 12 6
300 40 1024 992 14 15 13 11 8 10 7
320 40 1024 992 14 15 13 8 11
340 40 1024 992 14 15 13 8 11
360 40 1024 992 14 15 13 11
0 60 1024 992 9 14 15 10 11 12 13 7 6 8 4
20 60 1024 992 14 9 15 10 12 11 13 8 7
40 60 1024 992 15 9 14 10 12 11 8 13 6 7
60 60 1024 992 9 14 15 12 10 11 13 7 6 8
80 60 1024 992 15 14 9 10 12 13 11 8 7 4
100 60 1024 992 15 9 14 12 10 11 13 8 6 7
120 60 1024 992 9 15 14 10 12 13 11 7 6 8
140 60 1024 992 14 15 9 10 12 13 11 8 7 4
160 60 1024 992 14 15 10 9 12 11 13 8 6 7
180 60 1024 992 14 15 10 13 9 12 7 11 8 6
200 60 1024 992 14 15 10 12 9 11 13 8 7
220 60 1024 992 15 14 10 13 8 12 9 11 6 7
240 60 1024 992 15 14 10 13 11 12 7 8 6 9
260 60 1024 992 14 15 10 13 12 11 8 7
280 60 1024 992 15 14 10 13 8 11 12
300 60 1024 992 14 15 13 11 10 8 7
320 60 1024 992 15 14 13 11 10 8
340 60 1024 992 15 14 13 11 8
360 60 1024 992 15 14 13 11
0 80 1024 992 14 9 13 15 11 12 10 7 6 8
20 80 1024 992 14 9 10 15 13 11 12 8 7
40 80 1024 992 14 9 15 12 13 10 11 8 7 6
60 80 1024 992 14 9 12 15 13 11 10 7 6 8
80 80 1024 992 14 9 12 10 13 15 11 8 7
100 80 1024 992 14 9 12 15 10 13 11 8 7 6
120 80 1024 992 14 9 15 13 12 11 10 7 6 8
140 80 1024 992 14 15 10 13 9 12 11 8 7
160 80 1024 992 14 15 13 9 12 10 11 8 6 7
180 80 1024 992 14 15 13 12 11 9 10 7 8 6
200 80 1024 992 14 12 15 10 11 13 9 8 7
220 80 1024 992 14 15 13 10 11 8 12 9 6 7
240 80 1024 992 14 15 13 11 12 10 8 6 7
260 80 1024 992 14 15 10 13 11 8 12 7
280 80 1024 992 14 15 13 8 11 10 6 7 12
300 80 1024 992 14 15 11 13 10 8
320 80 1024 992 14 15 13 11 8 10
340 80 1024 992 14 15 13 11 8
360 80 1024 992 14 15 13 11
0 100 1024 992 14 9 15 11 13 10 8 12 7
20 100 1024 992 14 15 9 10 13 11 8 12 7
40 100 1024 992 14 9 10 15 11 13 8 12 7
60 100 1024 992 14 9 15 12 10 13 8 11 7
80 100 1024 992 14 10 15 9 11 12 13 8 7
100 100 1024 992 14 15 10 9 13 12 8 11 7
120 100 1024 992 9 14 15 10 13 11 12 8 7
140 100 1024 992 14 15 10 9 13 8 11 12 7
160 100 1024 992 14 10 15 9 13 8 12 11 7
180 100 1024 992 14 15 13 10 8 12 11 9 7
200 100 1024 992 14 15 10 8 13 12 11 9 7
220 100 1024 992 14 15 10 13 8 11 7 9 12
240 100 1024 992 14 15 13 11 8 10 12 7
260 100 1024 992 14 15 10 13 8 11 7 12
280 100 1024 992 14 15 10 13 11 8 12 7
300 100 1024 992 14 15 13 8 11 10
320 100 1024 992 14 15 13 11 8
340 100 1024 992 14 15 13 11 8
360 100 1024 992 14 15 13 11
0 120 1024 992 14 9 15 11 13 12 10 7 8 6
20 120 1024 992 14 9 10 11 12 15 13 8 7
40 120 1024 992 9 12 11 15 14 10 13 8 6 7
60 120 1024 992 14 9 15 12 11 10 13 7 8 6
80 120 1024 992 14 9 12 15 10 11 13 8 7
100 120 1024 992 14 9 15 12 13 11 10 8 6 7
120 120 1024 992 9 14 15 12 10 11 13 8 7 6
140 120 1024 992 14 15 9 12 10 13 11 8 7
160 120 1024 992 14 12 9 11 10 15 13 8 6 7
180 120 1024 992 14 15 13 11 12 9 10 8 7 6
200 120 1024 992 14 10 11 12 13 9 8 7
220 120 1024 992 14 15 8 11 10 13 12 7 9 6
240 120 1024 992 14 15 13 10 11 12 8 7
260 120 1024 992 14 15 11 8 10 13 12 7
280 120 1024 992 14 15 13 8 10 11 12
300 120 1024 992 14 15 11 8 13 10
320 120 1024 992 14 15 13 8 11
340 120 1024 992 14 15 13 11 8
360 120 1024 992 14 15 13
0 140 1024 992 14 9 12 13 15 10 11 8 7
20 140 1024 992 14 15 10 11 9 12 13 8 7
40 140 1024 992 14 10 12 9 13 11 15 8 7
60 140 1024 992 9 14 12 15 13 11 10 8 7
80 140 1024 992 14 10 12 9 15 8 11 13 7
100 140 1024 992 14 15 12 10 13 9 8 11 7
120 140 1024 992 9 15 14 12 10 13 11 8 7
140 140 1024 992 14 15 13 10 12 9 8 11 7
160 140 1024 992 14 15 10 12 13 11 8 9 7
180 140 1024 992 14 15 13 12 11 10 8 9 7
200 140 1024 992 14 15 13 12 10 8 11 7
220 140 1024 992 15 14 10 11 13 8 12 7 9
240 140 1024 992 14 15 13 12 11 10 8 7
260 140 1024 992 14 15 8 13 11 10 12
280 140 1024 992 14 15 13 10 8 11 12
300 140 1024 992 14 15 13 11 8 10
320 140 1024 992 14 15 13 11 8
340 140 1024 992 15 14 13 11 8
360 140 1024 992 14 15 13
0 0 1024 992 14 15 12 9 11 10 13 6 7 8
20 0 1024 992 14 9 10 15 12 13 11 8 7
40 0 1024 992 14 9 12 15 11 10 7 6 8 13
60 0 1024 992 14 9 12 15 10 11 13 6 8 7
80 0 1024 992 14 9 12 15 11 10 13 8 7
100 0 1024 992 9 14 12 15 11 10 13 6 7 8
120 0 1024 992 14 9 10 12 15 13 6 8 11 7
140 0 1024 992 14 9 15 12 10 7 6 11 8 13
160 0 1024 992 14 15 10 9 12 11 13 6 8 7
180 0 1024 992 14 15 12 9 10 11 13 6 8 7
200 0 1024 992 14 15 9 12 11 10 13 6 7 8
220 0 1024 992 14 15 10 12 13 9 8 11 6 7
240 0 1024 992 14 15 10 12 11 8 13 6 7
260 0 1024 992 14 15 10 12 13 11 8 6 7
280 0 1024 992 14 15 10 13 11 8 12
300 0 1024 992 14 15 13 11 8 10
320 0 1024 992 14 15 13 11 8
340 0 1024 992 14 15 13 11
0 20 1024 992 14 15 9 12 13 11 7 10 6 8
20 20 1024 992 14 9 15 13 10 12 11 7 8
40 20 1024 992 14 15 12 9 13 10 11 6 7 8
60 20 1024 992 9 14 12 15 10 13 11 7 6 8
80 20 1024 992 14 9 12 13 15 10 11 7 8 6
100 20 1024 992 9 14 12 15 13 7 11 10 6 8
120 20 1024 992 14 15 9 13 12 10 7 11 8 4
140 20 1024 992 14 9 15 12 13 10 7 6 11 8
160 20 1024 992 14 15 9 12 13 10 11 7 6 8
180 20 1024 992 14 15 13 12 9 10 11 7 6 8
200 20 1024 992 14 15 12 13 9 7 8 11 10 6
220 20 1024 992 14 15 13 10 12 11 9 7 8 6
240 20 1024 992 14 15 12 13 11 10 7 8 6
260 20 1024 992 14 15 13 12 10 11 6 7 8
280 20 1024 992 14 13 15 10 11 8 7 12
300 20 1024 992 14 15 13 11 8 10 6 7
320 20 1024 992 14 15 13 8 11
340 20 1024 992 14 15 13 11 8
360 20 1024 992 14 15 13 11 8
0 40 1024 992 15 14 9 12 13 10 11 6 8 7
20 40 1024 992 14 15 10 9 13 11 12 8 6 7
40 40 1024 992 14 15 9 12 11 13 10 6 8 7
60 40 1024 992 14 15 9 12 10 11 13 8 6 7
80 40 1024 992 14 9 15 12 11 10 13 8 6 7
100 40 1024 992 15 9 14 12 13 10 11 6 7 8
120 40 1024 992 14 15 10 9 12 13 8 11 6
140 40 1024 992 14 15 9 13 12 10 11 8 6 7
160 40 1024 992 14 15 9 10 12 13 11 8 6 7
180 40 1024 992 14 15 13 11 9 10 12 8 6 7
200 40 1024 992 14 15 13 9 12 10 11 6 8 7
220 40 1024 992 15 14 10 13 12 8 9 11 6 7
240 40 1024 992 14 15 10 11 13 12 8 6 7 9
260 40 1024 992 14 15 13 10 12 11 6 8 7
280 40 1024 992 14 15 10 13 11 8 7
300 40 1024 992 15 14 13 11 8 10
320 40 1024 992 15 14 13 11 8
340 40 1024 992 14 15 13 11 8
360 40 1024 992 14 15 13 11
0 60 1024 992 14 9 15 12 10 11 13 7 6 8 4
20 60 1024 992 14 9 15 10 13 12 11 7 8
40 60 1024 992 14 9 15 12 10 7 11 13 6 8 4
60 60 1024 992 14 9 15 12 10 13 11 7 8 6
80 60 1024 992 14 9 12 15 10 13 11 8 7 6
100 60 1024 992 9 14 12 15 7 13 10 11 6 8
120 60 1024 992 14 15 9 12 10 13 11 8 7
140 60 1024 992 14 9 15 12 7 10 11 13 6 8 4
160 60 1024 992 14 15 9 12 10 13 7 11 8 6 4
180 60 1024 992 14 15 12 13 9 10 11 7 8 5 6
200 60 1024 992 14 15 12 13 9 10 7 11 6 8
220 60 1024 992 14 15 10 12 13 11 9 8 7 6
240 60 1024 992 14 15 12 10 7 13 11 8
260 60 1024 992 14 15 13 10 12 8 6 7 11
280 60 1024 992 14 15 13 10 8 7 11 12
300 60 1024 992 14 15 8 13 11
320 60 1024 992 14 15 13 8 11
340 60 1024 992 14 15 11 13 8
360 60 1024 992 14 15 13 11 8
0 80 1024 992 14 15 9 12 13 10 11 8 6 7
20 80 1024 992 14 15 10 9 13 12 11 8 7 6
40 80 1024 992 14 15 12 9 13 11 8 10 6 7
60 80 1024 992 15 14 9 12 10 13 11 8 6 7
80 80 1024 992 14 9 15 12 13 11 10 8 7
100 80 1024 992 9 14 15 12 13 11 10 8 6 7
120 80 1024 992 14 15 9 10 13 12 8 11 6 7
140 80 1024 992 14 15 9 12 13 8 10 6 7 11
160 80 1024 992 14 15 10 9 12 13 11 8 6
180 80 1024 992 14 15 13 11 9 12 10 8 6 7
200 80 1024 992 14 15 13 11 10 12 9 8 6 7
220 80 1024 992 14 15 13 10 12 11 8 9 6 7
240 80 1024 992 14 15 12 10 13 8 11 6 7
260 80 1024 992 14 15 10 13 12 11 8 6 7
280 80 1024 992 14 15 13 10 11 8 12
300 80 1024 992 14 15 13 11 8 10
320 80 1024 992 14 15 13 8 11
340 80 1024 992 14 15 13 11 8
360 80 1024 992 14 15 13 11
0 100 1024 992 14 15 9 12 11 13 10 8 7 6
20 100 1024 992 14 10 9 15 13 8 12 11 7
40 100 1024 992 14 9 12 10 15 11 8 13 6 7
60 100 1024 992 9 14 12 15 10 13 11 8 7 6
80 100 1024 992 14 9 12 15 10 11 8 13 7 6 4
100 100 1024 992 9 14 15 12 13 10 11 8 7 6
120 100 1024 992 14 15 9 10 12 13 8 11 7
140 100 1024 992 14 9 15 12 10 8 11 13 7 6
160 100 1024 992 14 15 10 9 12 11 8 13 7 6
180 100 1024 992 14 15 10 11 12 8 13 9 7 6
200 100 1024 992 14 15 8 13 12 11 9 10 7 6
220 100 1024 992 14 15 10 13 12 8 11 9 7 15
240 100 1024 992 14 15 8 11 12 10 13
260 100 1024 992 14 15 8 13 11 10 12 6
280 100 1024 992 14 15 10 8 13 11 12
300 100 1024 992 14 15 8 13 11 10
320 100 1024 992 14 15 13 11 8
340 100 1024 992 14 15 13 11 8
360 100 1024 992 14 15 13 11
0 0 1024 992 14 9 15 12 13 11 10 7 8 6
20 0 1024 992 14 15 9 11 13 10 12 8 7
40 0 1024 992 14 15 9 12 7 13 8 10 11 6
60 0 1024 992 9 14 15 13 12 10 11 7 8
80 0 1024 992 14 9 12 15 8 13 11 7 10 6 4
100 0 1024 992 14 9 15 12 13 11 10 8 7 6
120 0 1024 992 14 9 15 12 11 13 10 7 8 6
140 0 1024 992 14 15 9 12 13 7 10 8 11 6
160 0 1024 992 14 9 15 13 10 12 8 7 11 6
180 0 1024 992 14 15 12 8 10 13 9 7 6 11
200 0 1024 992 14 15 12 13 11 9 7 8 10
220 0 1024 992 14 15 13 11 10 12 8 7 9 6
240 0 1024 992 14 15 12 10 13 8 7 11
260 0 1024 992 14 15 13 8 10 12 11 7 6
280 0 1024 992 14 15 13 10 8 11 7 12
300 0 1024 992 14 15 13 8 11 7
320 0 1024 992 14 15 13 11 8
340 0 1024 992 14 15 13 11 8
360 0 1024 992 14 15 13 11 8
0 20 1024 992 15 14 9 13 10 12 11 6 7 8
20 20 1024 992 15 9 14 10 12 11 13 7 8 6
40 20 1024 992 15 14 12 9 10 13 11 6 8 7
60 20 1024 992 9 14 15 13 10 12 11 8 7
80 20 1024 992 15 14 9 13 12 10 7 6 11 8
100 20 1024 992 14 15 9 12 13 10 11 6 7 8
120 20 1024 992 15 9 14 13 12 10 11 6 8 7
140 20 1024 992 15 14 9 13 10 12 11 6 7 8
160 20 1024 992 14 15 9 10 13 12 7 11 8
180 20 1024 992 14 15 13 10 9 12 6 11 8 7
200 20 1024 992 14 15 12 10 9 13 11 7 8 6
220 20 1024 992 15 14 13 9 10 11 12 7 8 6
240 20 1024 992 14 15 10 13 12 11 8 7 6
260 20 1024 992 14 15 13 10 6 7 11 12 8
280 20 1024 992 14 15 13 10 11 8 12 7
300 20 1024 992 15 14 13 11 10 8 7
320 20 1024 992 15 14 13 11
340 20 1024 992 14 15 13 11
360 20 1024 992 14 15 13 11
0 40 1024 992 9 14 15 10 11 12 13 8 7 6
20 40 1024 992 9 14 15 10 11 12 8 7 13
40 40 1024 992 14 9 15 12 11 10 13 8 7
60 40 1024 992 9 14 12 10 15 11 13 7 8
80 40 1024 992 9 14 15 12 8 10 11 13 7
100 40 1024 992 14 9 15 12 10 11 13 7 8 6
120 40 1024 992 14 9 15 12 10 11 7 8
140 40 1024 992 14 15 9 12 10 8 11 13 7 6
160 40 1024 992 14 9 15 10 12 13 8 7 11 6
180 40 1024 992 14 15 12 9 10 8 13 7 11
200 40 1024 992 14 15 9 10 12 11 13 7 8
220 40 1024 992 14 15 10 8 9 12 11 13 7
240 40 1024 992 14 15 10 12 8 13 7 9 11
260 40 1024 992 14 15 13 10 8 12 11 7
280 40 1024 992 14 15 8 10 11 7 13
300 40 1024 992 14 15 8 11 13 12
320 40 1024 992 14 15 13 8 11
340 40 1024 992 14 15 13 11 8
360 40 1024 992 14 15 13 11
0 60 1024 992 14 9 15 12 10 13 11 8 7 6
20 60 1024 992 14 9 15 12 10 13 11 7 8
40 60 1024 992 14 15 12 9 10 13 11 7 8 6
60 60 1024 992 9 14 15 10 12 13 11 8 7
80 60 1024 992 14 9 15 12 13 10 11 7 8 6
100 60 1024 992 14 9 12 10 15 13 11 7 8 6
120 60 1024 992 14 9 15 12 13 10 11 7 8 6
140 60 1024 992 14 15 9 12 10 13 7 11 8 6
160 60 1024 992 14 9 15 13 10 12 11 7 8
180 60 1024 992 14 15 10 12 9 13 11 8 7 6
200 60 1024 992 14 15 12 10 9 13 11 7 8
220 60 1024 992 14 15 13 10 11 9 12 8 7
240 60 1024 992 14 15 12 10 13 11 8 7 9
260 60 1024 992 14 15 13 10 12 11 8 7 6
280 60 1024 992 14 15 10 13 11 8 12
300 60 1024 992 14 15 13 11 8 10
320 60 1024 992 14 15 13 11 8
340 60 1024 992 14 15 13 11 8
360 60 1024 992 14 15 13 11 8
0 80 1024 992 14 9 15 10 13 11 12 8 7
20 80 1024 992 14 9 15 10 12 11 8 13 7
40 80 1024 992 14 15 9 12 13 10 11 8 7
60 80 1024 992 9 14 15 12 10 13 11 7 8
80 80 1024 992 14 9 15 12 13 11 10 8 7 6
100 80 1024 992 14 9 15 12 10 13 11 8 7
120 80 1024 992 14 9 15 12 13 8 10 11 7
140 80 1024 992 14 15 9 12 10 13 8 7 11
160 80 1024 992 14 15 9 13 10 12 8 11 7
180 80 1024 992 14 15 12 10 13 9 8 11 7
200 80 1024 992 14 15 12 13 10 9 11 8 7
220 80 1024 992 14 15 13 12 10 11 8 9 7
240 80 1024 992 14 15 10 12 13 8 11 7
260 80 1024 992 14 15 13 10 8 12 11 7 6
280 80 1024 992 14 15 8 13 10 11
300 80 1024 992 14 15 8 13 11 10
320 80 1024 992 14 15 13 8 11
340 80 1024 992 14 15 13 11 8
360 80 1024 992 14 15 13 11
